,logFC,AveExpr,t,P.Value,adj.P.Val,B
TDU_consensed_contig_64901|TPO_consensed_contig_28516,0.289785377483,0.265961443734,1.72982434189,0.112542760265,0.117845352715,-6.09287250387
TDU_consensed_contig_15885|TPO_consensed_contig_12447,0.164735347129,0.647983394914,0.564893637223,0.583869130659,0.593065252825,-7.33437304038
TDU_consensed_contig_45491|TPO_consensed_contig_36054,0.546462110572,0.57661522032,1.93564487198,0.0799418606893,0.0842117285867,-5.82375174897
TDU_consensed_contig_40713|TPO_consensed_contig_86488,-0.132483857851,-0.156207689351,-0.588000709978,0.568811864995,0.578217805321,-7.27839460269
TDU_consensed_contig_46341|TPO_consensed_contig_19891,-0.0829343559288,0.0369037353765,-0.384975490126,0.707845880205,0.715056303356,-7.39052298223
TDU_consensed_contig_64979|TPO_consensed_contig_105000,0.337441982852,0.389002882314,1.89747198703,0.0852384301166,0.0896923300686,-5.84755495999
TDU_consensed_contig_16239|TPO_consensed_contig_102184,0.474438185261,1.39601918963,1.94095373992,0.0792299351524,0.0834868763354,-5.79841676682
TDU_consensed_contig_40410|TPO_consensed_contig_44683,-0.0531179848253,1.02152276815,-0.23960001889,0.815197036327,0.820269095995,-7.44486168878
TDU_consensed_contig_67558|TPO_consensed_contig_39993,-0.411488768099,-0.213335763628,-2.19784533211,0.0510914327543,0.0541186155898,-5.25228683011
TDU_consensed_contig_56705|TPO_consensed_contig_97572,0.253785005184,0.571996903649,1.08064329934,0.303760972103,0.312837791589,-6.92027613863
TDU_consensed_contig_50488|TPO_consensed_contig_96595,0.22178460479,0.51827918281,0.717438452796,0.488568203917,0.498486656701,-7.2426542964
TDU_consensed_contig_6796|TPO_consensed_contig_43738,0.294370615241,1.0577955746,0.624829353359,0.545259975193,0.555135385881,-7.31992653349
TDU_consensed_contig_78019|TPO_consensed_contig_51182,0.0111156136785,0.0634515477687,0.0723866787034,0.943638056281,0.945526951447,-7.48234491916
TDU_consensed_contig_12207|TPO_consensed_contig_84577,0.449571351523,0.158089864773,2.1208141259,0.0583387039919,0.0616896143611,-5.5117238311
TDU_consensed_contig_73744|TPO_consensed_contig_32539,-0.431562708831,0.235826127605,-1.520201865,0.157628383704,0.164139630461,-6.27764622272
TDU_consensed_contig_9614|TPO_consensed_contig_109531,-0.0965706683332,0.0200200638895,-0.492773375961,0.632191930209,0.640725180327,-7.33768787995
TDU_consensed_contig_47107|TPO_consensed_contig_103099,0.132398259066,0.162608865579,0.41511849587,0.686309278905,0.693900465505,-7.41029566384
TDU_consensed_contig_4738|TPO_consensed_contig_18690,0.580307964484,2.64268125579,1.45556029501,0.174400433204,0.181335049836,-6.52381253446
TDU_consensed_contig_64726|TPO_consensed_contig_51458,-0.149680552121,0.327858236553,-0.587906516884,0.568872810487,0.578223842955,-7.27560670227
TDU_consensed_contig_35427|TPO_consensed_contig_24398,0.30061217683,0.461385826166,1.6022187373,0.13837678111,0.14440749757,-6.27820701059
TDU_consensed_contig_77128|TPO_consensed_contig_36896,0.0749842168684,0.0245519821729,0.414194523817,0.686965241914,0.694496886228,-7.40282549051
TDU_consensed_contig_14738|TPO_consensed_contig_81101,0.478494541118,0.384214235442,2.08882943148,0.0616265704144,0.0651466721839,-5.56856081942
TDU_consensed_contig_29829|TPO_consensed_contig_13650,0.300724196813,0.640930573918,1.46900623576,0.170790745801,0.177634542382,-6.45891899326
TDU_consensed_contig_37925|TPO_consensed_contig_100755,0.483523996201,0.301420556671,2.14786067005,0.0556891243578,0.0589530790785,-5.47002020469
TDU_consensed_contig_81143|TPO_consensed_contig_20184,0.399668008159,0.160232123746,1.21208730152,0.251729291351,0.26006666444,-6.79368584018
TDU_consensed_contig_28004|TPO_consensed_contig_12131,-0.348143446531,-0.00165487889513,-1.41178774158,0.186605929013,0.193834142865,-6.43374963158
TDU_consensed_contig_26709|TPO_consensed_contig_39264,0.285179091478,0.576825155932,1.74395493224,0.109966461921,0.11520504761,-6.07037031196
TDU_consensed_contig_28501|TPO_consensed_contig_47300,0.408026563829,0.268948135225,1.83718299047,0.0942678517769,0.0990250482541,-5.95106436404
TDU_consensed_contig_17114|TPO_consensed_contig_86564,0.239153634083,0.591428474925,1.07458000802,0.306346937276,0.315408325626,-6.92401372104
TDU_consensed_contig_48267|TPO_consensed_contig_84963,-0.400467540107,0.0952517687004,-1.20359079779,0.254864026187,0.263253477772,-6.68031909128
TDU_consensed_contig_64021|TPO_consensed_contig_96791,0.18465760827,-0.0515208850973,0.653042073584,0.527599241195,0.537675542748,-7.28447251758
TDU_consensed_contig_10602|TPO_consensed_contig_44113,0.351970640857,0.595589868058,1.99219360083,0.0726558818067,0.0766595031167,-5.70057875613
TDU_consensed_contig_61574|TPO_consensed_contig_84099,-0.347153820399,-0.103695070366,-1.17710091897,0.264837037926,0.273339906007,-6.71835031823
TDU_consensed_contig_25603|TPO_consensed_contig_83793,0.328564525458,0.418959670627,1.79626382936,0.100887732682,0.105840101534,-5.99988738627
TDU_consensed_contig_101039|TPO_consensed_contig_19824,0.415929053818,0.905399062219,1.54213635062,0.152263582932,0.158678971328,-6.38144946155
TDU_consensed_contig_59283|TPO_consensed_contig_95133,-0.259518229881,-0.0628143480933,-0.964347493846,0.356295549624,0.365938330987,-6.958987454
TDU_consensed_contig_38805|TPO_consensed_contig_27716,0.49594328096,0.754809387983,2.05028630022,0.0658216808063,0.0695254731347,-5.63347753559
TDU_consensed_contig_104072|TPO_consensed_contig_35071,0.303982782982,0.461168194335,1.63912402778,0.1304111691,0.136257052935,-6.22624793518
TDU_consensed_contig_16569|TPO_consensed_contig_90228,0.370946431746,0.645715381489,1.79621148246,0.100896466655,0.105840101534,-6.00531278073
TDU_consensed_contig_49910|TPO_consensed_contig_49421,-0.19216504415,0.0585244036472,-1.04875945236,0.317546426584,0.326779053965,-6.88391335088
TDU_consensed_contig_29444|TPO_consensed_contig_74093,0.382833686137,0.340617261098,2.13188808679,0.057239679259,0.0605457343903,-5.48164442417
TDU_consensed_contig_39267|TPO_consensed_contig_105283,0.215692778091,1.31994640962,0.965387419061,0.355798128241,0.365463154589,-7.03084657569
TDU_consensed_contig_82781|TPO_consensed_contig_38316,0.56480136038,0.724055021173,2.14424390236,0.0560366839946,0.0593090638492,-5.49084919701
TDU_consensed_contig_7188|TPO_consensed_contig_11365,0.355707624989,1.00426718103,1.5926813984,0.140503939857,0.146569159053,-6.30087728064
TDU_consensed_contig_80514|TPO_consensed_contig_74560,0.3568387487,0.258359052692,1.48444351885,0.16672566186,0.173509569099,-6.44633609772
TDU_consensed_contig_37671|TPO_consensed_contig_83128,0.0250863544731,0.581527542599,0.108774525681,0.915407204432,0.917764476203,-7.47947860794
TDU_consensed_contig_8674|TPO_consensed_contig_12655,0.389202786054,0.430918421653,1.8154823011,0.0977273901023,0.102607902992,-5.97880640597
TDU_consensed_contig_41211|TPO_consensed_contig_73147,-0.241746038347,-0.390431751797,-1.47587251677,0.168972264578,0.175812772963,-6.3657001347
TDU_consensed_contig_40735|TPO_consensed_contig_113123,-0.193377458063,-0.176744322955,-0.805877292798,0.437968357961,0.44824490107,-7.10934056206
TDU_consensed_contig_94589|TPO_consensed_contig_88402,0.42990509977,0.273026045527,1.79653639601,0.100842266631,0.105804362394,-6.01637505047
TDU_consensed_contig_18256|TPO_consensed_contig_37160,0.414049422398,0.853948142663,2.08996525328,0.0615068657517,0.0650266692932,-5.55302380957
TDU_consensed_contig_46286|TPO_consensed_contig_88329,-0.0428170079118,0.0796953967411,-0.232001788655,0.820941881135,0.825970621602,-7.44761637744
TDU_consensed_contig_45531|TPO_consensed_contig_114608,0.170765660242,0.337075179244,0.869574311656,0.403739177949,0.413736229148,-7.11244814803
TDU_consensed_contig_17676|TPO_consensed_contig_35650,0.452002665312,1.29647893056,1.03923450695,0.32175464128,0.330915251848,-6.9939442367
TDU_consensed_contig_75503|TPO_consensed_contig_106619,0.328631523203,0.233199744881,1.34611004712,0.206268519855,0.213899051072,-6.62555728338
TDU_consensed_contig_79744|TPO_consensed_contig_101471,-0.201725019638,-0.0183242133116,-0.725651469671,0.48372100836,0.493725142235,-7.17129560726
TDU_consensed_contig_34491|TPO_consensed_contig_4698,0.349190841747,0.342221765066,1.94538977383,0.0786395851772,0.0828814236397,-5.77337987564
TDU_consensed_contig_61662|TPO_consensed_contig_14144,-0.150926054618,0.0499703008933,-0.744916966228,0.47246882039,0.482615123889,-7.1639364219
TDU_consensed_contig_43304|TPO_consensed_contig_83226,0.553333928146,1.03143268242,2.12386114931,0.0580343217482,0.0613800976172,-5.52420957965
TDU_consensed_contig_61630|TPO_consensed_contig_36388,0.340355893678,0.62586666424,1.86879762455,0.0894286155351,0.0940073606505,-5.89203351975
TDU_consensed_contig_29154|TPO_consensed_contig_28149,0.410035719462,0.63944414706,1.81302511421,0.0981263522478,0.103006212785,-5.9883482513
TDU_consensed_contig_31831|TPO_consensed_contig_31403,0.395257928808,0.566018283982,1.51720906369,0.158372948868,0.164898617126,-6.41131148943
TDU_consensed_contig_89866|TPO_consensed_contig_31954,0.281754784474,0.297947996213,1.62604537236,0.133186334567,0.13910131634,-6.24127398291
TDU_consensed_contig_75389|TPO_consensed_contig_40013,0.43179647173,0.644463152432,1.99090224826,0.0728151056796,0.0768197903356,-5.71472857274
TDU_consensed_contig_48418|TPO_consensed_contig_14134,-0.152163673926,0.20865307366,-0.737671902363,0.476680889767,0.486870337469,-7.16989702425
TDU_consensed_contig_7740|TPO_consensed_contig_94831,-0.507973260805,0.0490140405816,-1.93590152123,0.0799073073477,0.0841837657686,-5.65831308633
TDU_consensed_contig_64243|TPO_consensed_contig_9716,-0.190811566995,0.528811915589,-0.711794539899,0.491916493057,0.501700414768,-7.18442741388
TDU_consensed_contig_59115|TPO_consensed_contig_35710,0.197829568881,1.64191234953,0.51225124444,0.618948873831,0.627605918946,-7.37405107007
TDU_consensed_contig_59821|TPO_consensed_contig_73339,-0.436891327323,-0.438273476087,-2.00702251321,0.070850698276,0.0747773634817,-5.55537599709
TDU_consensed_contig_42345|TPO_consensed_contig_103740,-0.0236376915469,0.188552754054,-0.118634859042,0.907776544699,0.91072218342,-7.47274315272
TDU_consensed_contig_46552|TPO_consensed_contig_13594,-0.313337930145,0.58248671574,-1.0728934951,0.307069190978,0.31612098086,-6.84037607071
TDU_consensed_contig_29042|TPO_consensed_contig_49198,0.0959758183731,0.791076759694,0.344060161535,0.737509858475,0.74416429567,-7.43602258431
TDU_consensed_contig_50102|TPO_consensed_contig_54721,-0.492051863567,-0.370561095844,-1.94413682194,0.0788059126047,0.0830483963209,-5.64580382403
TDU_consensed_contig_23769|TPO_consensed_contig_37651,-0.602983033305,0.416229234087,-1.25706925858,0.235644464516,0.243568791641,-6.58940564878
TDU_consensed_contig_21433|TPO_consensed_contig_41710,0.339512861753,0.705938016193,1.73867551754,0.110922707139,0.116195266313,-6.08595005672
TDU_consensed_contig_26614|TPO_consensed_contig_37397,-0.267260428438,0.206529971812,-1.03047644384,0.32566072603,0.334867020643,-6.88844927937
TDU_consensed_contig_102195|TPO_consensed_contig_19661,0.379805957754,0.482632818929,1.75117005649,0.108671663073,0.113859914504,-6.07696921588
TDU_consensed_contig_73942|TPO_consensed_contig_87388,0.146129746248,0.485484904744,0.737346192241,0.476870800596,0.487016987843,-7.21648942684
TDU_consensed_contig_34860|TPO_consensed_contig_48092,0.319081092942,0.572466500421,1.47461613496,0.169303759508,0.17612282236,-6.45426134563
TDU_consensed_contig_48763|TPO_consensed_contig_4795,0.133310780934,0.321576653058,0.638363220069,0.536746129487,0.546891083955,-7.28794634702
TDU_consensed_contig_42808|TPO_consensed_contig_67500,-0.144959856051,0.903660161385,-0.816071043085,0.432364704044,0.442639050342,-7.10913064297
TDU_consensed_contig_74529|TPO_consensed_contig_46476,-0.208235465003,0.134937594855,-0.973527728047,0.351921763893,0.361587487249,-6.95523904686
TDU_consensed_contig_64412|TPO_consensed_contig_81637,0.383737099932,0.297106577689,1.56377407895,0.147127960609,0.153418224573,-6.34269276442
TDU_consensed_contig_39169|TPO_consensed_contig_35869,-0.141365364019,-0.342065815914,-0.731348694797,0.480376222144,0.49050168501,-7.17701269877
TDU_consensed_contig_43109|TPO_consensed_contig_18202,-0.0119826100745,-0.0956620139081,-0.0684940747589,0.946663600005,0.948377753097,-7.47886846685
TDU_consensed_contig_9281|TPO_consensed_contig_12384,0.153291580911,0.0894249834483,0.702206144576,0.497637120861,0.507485585418,-7.24370877359
TDU_consensed_contig_99364|TPO_consensed_contig_16132,0.068135390879,0.339192472082,0.378966574387,0.712172123328,0.719219267982,-7.41725690965
TDU_consensed_contig_79853|TPO_consensed_contig_10587,-0.0552651263241,0.689617690162,-0.118098770628,0.908191166449,0.910964269248,-7.46604718827
TDU_consensed_contig_3091|TPO_consensed_contig_105167,0.130137234887,0.0348656285107,0.629941144581,0.542035249592,0.55195917308,-7.29048754069
TDU_consensed_contig_69294|TPO_consensed_contig_74242,0.104879048642,0.434389126115,0.555661983686,0.589943812275,0.59906195466,-7.33516943107
TDU_consensed_contig_8663|TPO_consensed_contig_110376,0.435297726426,0.189829247057,1.46327917759,0.172320326571,0.179189956763,-6.49092359219
TDU_consensed_contig_49430|TPO_consensed_contig_6713,-0.0427483469118,0.444016530404,-0.184044657652,0.857441859149,0.861457404508,-7.45736936611
TDU_consensed_contig_84915|TPO_consensed_contig_74274,-0.197379399589,0.32797041807,-0.871205480721,0.402887286446,0.412903495673,-7.05421869279
TDU_consensed_contig_37177|TPO_consensed_contig_104999,0.0727341786548,-0.0717057218536,0.390370070254,0.703971124298,0.711278783028,-7.41248250602
TDU_consensed_contig_12760|TPO_consensed_contig_94550,0.598012210957,0.988292140295,2.11999849898,0.0584204379322,0.0617698293647,-5.53694257599
TDU_consensed_contig_77303|TPO_consensed_contig_39950,0.307860390788,0.6524830179,1.66691668281,0.124683854301,0.130363703641,-6.18597307385
TDU_consensed_contig_35220|TPO_consensed_contig_33039,0.273629539062,0.31705785241,1.66153063916,0.125775937855,0.131479381338,-6.18783705896
TDU_consensed_contig_39547|TPO_consensed_contig_50123,-0.278666337475,0.143584317811,-1.52106732297,0.157413637125,0.163932252175,-6.29952869105
TDU_consensed_contig_68203|TPO_consensed_contig_16936,0.290857123793,0.605164512994,1.68959221969,0.120178445099,0.125729333351,-6.1500320872
TDU_consensed_contig_81258|TPO_consensed_contig_74478,0.394290037489,0.617222257263,1.71665864532,0.114992010845,0.120374030871,-6.12816232348
TDU_consensed_contig_7464|TPO_consensed_contig_8707,0.0602478301222,0.24011398629,0.2837766031,0.782031874549,0.787953519147,-7.44983312186
TDU_consensed_contig_19651|TPO_consensed_contig_97281,0.457829116976,0.296513753067,2.13233312732,0.0571959256415,0.0605055419486,-5.49308870145
TDU_consensed_contig_37378|TPO_consensed_contig_17560,0.526245703363,0.793680518979,2.24291228748,0.0472594302153,0.0500999526445,-5.31909390809
TDU_consensed_contig_8948|TPO_consensed_contig_11830,-0.0587922477744,0.352215308874,-0.25284963393,0.805206708019,0.810526947688,-7.4405185448
TDU_consensed_contig_35797|TPO_consensed_contig_37193,0.137957602824,0.242935419864,0.64348027449,0.533547163455,0.54368435268,-7.28282787341
TDU_consensed_contig_33317|TPO_consensed_contig_115876,0.162478563866,0.4555652437,0.777730482351,0.453688158517,0.464017310988,-7.1882852712
TDU_consensed_contig_13851|TPO_consensed_contig_13968,0.0528912655934,0.23366325172,0.215234760143,0.833657600491,0.838363024621,-7.46778433055
TDU_consensed_contig_37436|TPO_consensed_contig_17109,0.0621392400192,0.186287467886,0.282725760455,0.782815828389,0.788667815605,-7.4475194764
TDU_consensed_contig_75564|TPO_consensed_contig_102808,0.416248452149,0.582119212246,1.61649850751,0.135245001599,0.141195298124,-6.27651627342
TDU_consensed_contig_47130|TPO_consensed_contig_45415,0.375656123713,0.756938895475,2.01090914873,0.0703845649553,0.0742928553881,-5.67669341664
TDU_consensed_contig_37788|TPO_consensed_contig_20394,0.280102671581,0.801416009445,1.62775666613,0.132820261996,0.138732769684,-6.23736237937
TDU_consensed_contig_13752|TPO_consensed_contig_48597,0.265317235069,0.566100863505,1.16005326263,0.271416559069,0.280075671831,-6.83363287126
TDU_consensed_contig_34848|TPO_consensed_contig_106074,0.284252199405,0.365342696413,1.2654705555,0.232734443443,0.240655564575,-6.71684071156
TDU_consensed_contig_28701|TPO_consensed_contig_102581,0.142301015079,0.218633127155,0.60389467896,0.558579512571,0.568145896096,-7.30863813272
TDU_consensed_contig_79794|TPO_consensed_contig_16974,-0.086219763446,0.288595785978,-0.29661237487,0.77247681813,0.77869930113,-7.4223159551
TDU_consensed_contig_12828|TPO_consensed_contig_36110,0.38024743384,0.567678135039,1.81626842213,0.0976000647011,0.102484455113,-5.97658198028
TDU_consensed_contig_7524|TPO_consensed_contig_86011,0.121055030151,0.470864873539,0.583497119851,0.571729806828,0.581071616492,-7.31984480382
TDU_consensed_contig_104224|TPO_consensed_contig_16009,0.0894367278915,0.977431761358,0.520278117404,0.613532007066,0.622353416798,-7.35267963163
TDU_consensed_contig_34549|TPO_consensed_contig_36395,0.0569891879188,0.0899619641529,0.161543580338,0.874694368367,0.878119300952,-7.47687577982
TDU_consensed_contig_40660|TPO_consensed_contig_13956,-0.389651914087,-0.0544440778743,-1.97457059254,0.0748571737933,0.0789424770179,-5.61345410234
TDU_consensed_contig_56949|TPO_consensed_contig_107177,0.389869617947,0.38268787967,1.85364695673,0.0917184763718,0.0963759119972,-5.92282841076
TDU_consensed_contig_34261|TPO_consensed_contig_73658,0.375318140845,0.200212034893,1.67663741418,0.122734269332,0.128350839556,-6.18305885914
TDU_consensed_contig_31752|TPO_consensed_contig_32011,-0.299296145291,-0.119579643675,-1.38870535958,0.193328505105,0.200698128151,-6.46960779379
TDU_consensed_contig_40679|TPO_consensed_contig_18740,-0.455603116145,-0.352401607713,-1.81933375052,0.0971050314084,0.101974834182,-5.84556606881
TDU_consensed_contig_57212|TPO_consensed_contig_93880,-0.0527553094207,0.526849922669,-0.225458971285,0.825897607094,0.830718174889,-7.44724298265
TDU_consensed_contig_38494|TPO_consensed_contig_4339,0.183665049602,0.798443453612,0.82553246156,0.427206383361,0.437485971933,-7.152557234
TDU_consensed_contig_71779|TPO_consensed_contig_63694,0.334098385118,0.437993902237,1.3341912551,0.210015923064,0.217656253894,-6.6388950533
TDU_consensed_contig_47117|TPO_consensed_contig_4965,0.121189030108,0.625221863946,0.612064026291,0.55336030411,0.563164247924,-7.3024330005
TDU_consensed_contig_74294|TPO_consensed_contig_103004,-0.326978371782,0.343884326287,-1.41690272298,0.185143271087,0.192352843019,-6.42885716477
TDU_consensed_contig_40783|TPO_consensed_contig_39808,-0.141783360904,0.457195748554,-0.583317549052,0.571846322368,0.581133849645,-7.27926321068
TDU_consensed_contig_42279|TPO_consensed_contig_39977,-0.291089817196,-0.158059695674,-1.5533944851,0.149572311415,0.155889761808,-6.25284076784
TDU_consensed_contig_4816|TPO_consensed_contig_6257,-0.0477528907787,0.0216984962192,-0.168765143406,0.869149381556,0.872635940679,-7.46210935521
TDU_consensed_contig_74358|TPO_consensed_contig_101830,0.272450241343,1.1539525905,0.635525716847,0.538524773037,0.548551432969,-7.30929660968
TDU_consensed_contig_18977|TPO_consensed_contig_42213,-0.13327340781,0.552999467477,-0.543115907066,0.598252661429,0.607088712901,-7.30498265464
TDU_consensed_contig_62303|TPO_consensed_contig_4922,0.0585077762723,0.370798436821,0.212465295225,0.835762815285,0.84039972396,-7.47007775168
TDU_consensed_contig_71713|TPO_consensed_contig_40865,0.286877487368,0.308889282032,0.948693214368,0.363844066297,0.373581639472,-7.05513217653
TDU_consensed_contig_34733|TPO_consensed_contig_21784,0.270702247734,0.349861959431,1.15823342312,0.272126442773,0.2807806406,-6.83968763779
TDU_consensed_contig_80905|TPO_consensed_contig_35571,0.100889431177,-0.0207702842091,0.351302206325,0.732224845429,0.739115380751,-7.4339311957
TDU_consensed_contig_44270|TPO_consensed_contig_43923,-0.0358577011529,1.3856143495,-0.130051730021,0.898953548403,0.902042735854,-7.46968744138
TDU_consensed_contig_14042|TPO_consensed_contig_97634,0.254558545604,0.642745257832,0.789898451814,0.44684802651,0.45719938239,-7.18940229381
TDU_consensed_contig_47223|TPO_consensed_contig_47753,-0.102204013355,0.947826379964,-0.346520482463,0.73571278182,0.742422267687,-7.40401206757
TDU_consensed_contig_76278|TPO_consensed_contig_43343,0.17658831341,0.461098736076,0.753662119203,0.467416045857,0.477593067074,-7.21175993974
TDU_consensed_contig_10369|TPO_consensed_contig_11219,0.359979923286,0.448898899248,1.88960215848,0.0863700186313,0.0908648554696,-5.86359116961
TDU_consensed_contig_42056|TPO_consensed_contig_19183,0.129556067346,0.343572920022,0.477781521753,0.642478199603,0.650711131537,-7.38311196698
TDU_consensed_contig_20758|TPO_consensed_contig_98069,0.169367316382,1.27251919035,0.631098553226,0.541306625593,0.551324023663,-7.29987560607
TDU_consensed_contig_75849|TPO_consensed_contig_5996,-0.34231835134,-0.171327541028,-1.40095548903,0.189735756154,0.197026797263,-6.4487662735
TDU_consensed_contig_74770|TPO_consensed_contig_59260,-0.0166475925538,0.153510847662,-0.0605889023631,0.952810592927,0.954353973592,-7.47787041142
TDU_consensed_contig_70910|TPO_consensed_contig_9552,0.082314451518,0.504794153556,0.473393881104,0.645503728608,0.653712446544,-7.37584603531
TDU_consensed_contig_11483|TPO_consensed_contig_37398,-0.0937176986382,0.237838377057,-0.360013495547,0.725886887019,0.732788145236,-7.39653514682
TDU_consensed_contig_14509|TPO_consensed_contig_4618,0.267111047395,0.467743144162,1.36781130857,0.199588294202,0.207032973027,-6.58746336832
TDU_consensed_contig_16336|TPO_consensed_contig_98439,0.422340787767,0.533724564659,1.82966561876,0.0954533681656,0.100260372318,-5.96264863308
TDU_consensed_contig_86211|TPO_consensed_contig_91064,-0.147031598437,-0.235886997321,-0.754807860308,0.466756610667,0.477012005768,-7.158826079
TDU_consensed_contig_71065|TPO_consensed_contig_3899,0.523149176802,0.397628563853,2.23626380834,0.0478068667666,0.0506700729432,-5.33208692661
TDU_consensed_contig_47544|TPO_consensed_contig_31345,0.126150684019,0.790324240268,0.547149934442,0.595574419291,0.604545992235,-7.3426377468
TDU_consensed_contig_16070|TPO_consensed_contig_50770,0.450274312499,0.618905685688,1.93200110052,0.0804339315255,0.0847046171305,-5.81264109315
TDU_consensed_contig_41839|TPO_consensed_contig_6675,0.00556777734405,0.231274921434,0.0306263828224,0.976134888164,0.976878326769,-7.48428771621
TDU_consensed_contig_28833|TPO_consensed_contig_9693,0.314776010452,0.684805548752,1.39450862,0.191619432587,0.198963203808,-6.56021322561
TDU_consensed_contig_32898|TPO_consensed_contig_34344,-0.224834999962,0.277956329337,-0.985024262049,0.346499534677,0.356149196266,-6.94179470492
TDU_consensed_contig_14521|TPO_consensed_contig_38124,0.0184532385479,-0.103562811721,0.0734528716123,0.942809513617,0.944786807163,-7.48468207065
TDU_consensed_contig_81587|TPO_consensed_contig_97027,0.00572483115497,0.324741399317,0.020572503807,0.98396770571,0.984529651858,-7.48663749179
TDU_consensed_contig_60886|TPO_consensed_contig_13874,0.0766310041585,0.281845644197,0.328562775119,0.748866962584,0.755333862088,-7.43689763326
TDU_consensed_contig_46667|TPO_consensed_contig_49639,0.392393782369,0.746492780662,1.19303013322,0.258803573927,0.267217676959,-6.82003627245
TDU_consensed_contig_47860|TPO_consensed_contig_31978,0.397642457503,0.378369555162,1.41250693914,0.186399681425,0.193639040532,-6.54746984468
TDU_consensed_contig_42506|TPO_consensed_contig_23105,0.00376401163499,0.338484745283,0.0141183095541,0.988997054683,0.989279383274,-7.48501452857
TDU_consensed_contig_23119|TPO_consensed_contig_86749,-0.313936792253,0.539497494902,-1.26202286047,0.233925098082,0.24183916513,-6.62835687836
TDU_consensed_contig_37903|TPO_consensed_contig_5036,0.411850918314,0.27176814691,1.98704954172,0.0732920874847,0.0772997314778,-5.7167596568
TDU_consensed_contig_69578|TPO_consensed_contig_10815,-0.351122659151,-0.0729540993524,-1.72555476515,0.113331839411,0.118659790427,-5.99858049357
TDU_consensed_contig_72054|TPO_consensed_contig_67317,0.0275758114387,0.0203291913381,0.118412247198,0.907948713765,0.910807985408,-7.4788024634
TDU_consensed_contig_99292|TPO_consensed_contig_47657,-0.0706853950731,0.129626880425,-0.255883403269,0.802924267403,0.808306828092,-7.43784975026
TDU_consensed_contig_63550|TPO_consensed_contig_20405,0.0915433210929,-0.195260174962,0.547838672502,0.595117784449,0.604140816043,-7.33657656182
TDU_consensed_contig_67283|TPO_consensed_contig_104088,-0.223874435033,-0.199130367582,-0.937816205087,0.369156048664,0.378924751837,-6.99014515871
TDU_consensed_contig_78467|TPO_consensed_contig_36795,0.0339583740681,0.178183208611,0.173561221397,0.865470826403,0.869025630638,-7.47388055184
TDU_consensed_contig_57546|TPO_consensed_contig_33459,-0.0361526546,-0.210770392934,-0.191077424264,0.852065063982,0.856300951489,-7.45853628654
TDU_consensed_contig_41417|TPO_consensed_contig_109637,-0.196384330307,0.0436137739387,-0.594958451004,0.564319928826,0.573873569877,-7.26473583754
TDU_consensed_contig_45964|TPO_consensed_contig_102572,0.399304650999,0.691530298536,1.79496154615,0.101105220805,0.106048501407,-6.01278593333
TDU_consensed_contig_17060|TPO_consensed_contig_103977,0.361999683797,0.452678248452,1.77718940202,0.10411624827,0.109152289001,-6.03344634388
TDU_consensed_contig_57101|TPO_consensed_contig_71347,-0.0619028996527,0.119519083021,-0.24702290063,0.809595745079,0.814788939423,-7.44086304114
TDU_consensed_contig_60366|TPO_consensed_contig_81239,0.464510724924,0.509705705261,2.12227587171,0.0581924941962,0.0615411970815,-5.51119012517
TDU_consensed_contig_59804|TPO_consensed_contig_101821,0.146581460553,0.480299095779,0.928523369152,0.373737966328,0.383590461047,-7.05443443856
TDU_consensed_contig_46494|TPO_consensed_contig_47092,-0.120268523533,0.772977523347,-0.263622991899,0.797110200476,0.802607512203,-7.42411919952
TDU_consensed_contig_8153|TPO_consensed_contig_11463,-0.346850056704,-0.402025157531,-1.63731504257,0.130791934748,0.136627727126,-6.12620989494
TDU_consensed_contig_6233|TPO_consensed_contig_34374,0.193054362401,0.449548743596,0.984965262191,0.346527205043,0.356149196266,-7.00719068668
TDU_consensed_contig_67675|TPO_consensed_contig_110414,-0.302740822193,-0.25310898146,-1.18882614075,0.260385224088,0.268824344491,-6.71450386226
TDU_consensed_contig_47803|TPO_consensed_contig_32689,0.416289313662,0.61076135106,1.82353909961,0.0964296282229,0.101275677079,-5.97448708913
TDU_consensed_contig_57879|TPO_consensed_contig_4778,0.223619238265,0.237797473928,1.28567621154,0.225855208381,0.233795169917,-6.6805506442
TDU_consensed_contig_29814|TPO_consensed_contig_49787,0.15873698765,-0.0871116951143,0.819305053454,0.430596901162,0.440872175418,-7.15404720712
TDU_consensed_contig_34481|TPO_consensed_contig_74104,0.432300896754,0.854456611432,1.75555942692,0.107890730475,0.113052966383,-6.07718619729
TDU_consensed_contig_64559|TPO_consensed_contig_112892,0.263612905565,0.207130961445,1.34586315346,0.206345578575,0.213957853816,-6.61280288491
TDU_consensed_contig_60001|TPO_consensed_contig_75785,0.218350316792,0.11545095047,1.2855697134,0.225891026757,0.233809223442,-6.68108060888
TDU_consensed_contig_46718|TPO_consensed_contig_28835,-0.54289431525,0.238789034428,-2.19001692124,0.0517867339764,0.0548495866559,-5.24414691139
TDU_consensed_contig_19943|TPO_consensed_contig_39772,0.00333043782476,0.162514486194,0.0167153833516,0.986973244714,0.987348948271,-7.48346452814
TDU_consensed_contig_43219|TPO_consensed_contig_106332,-0.548584342459,-0.177572195869,-1.90293946396,0.0844603603798,0.088882501583,-5.7011314639
TDU_consensed_contig_9140|TPO_consensed_contig_10315,0.142930066177,0.185284309434,0.76381634765,0.461592390452,0.471963739756,-7.19739405057
TDU_consensed_contig_35575|TPO_consensed_contig_57709,-0.211393004096,0.168252864524,-0.814815727733,0.433052191541,0.443299701771,-7.09967503536
TDU_consensed_contig_46436|TPO_consensed_contig_74917,0.318683339433,0.605205102756,1.50781610617,0.16072960554,0.167319232861,-6.41124470821
TDU_consensed_contig_13662|TPO_consensed_contig_13641,0.377449133373,0.679507696437,1.28648616909,0.225582948375,0.233536335761,-6.70404591333
TDU_consensed_contig_74818|TPO_consensed_contig_103431,0.234150033636,0.294454756204,1.40603197808,0.188263499329,0.195536597663,-6.53241381145
TDU_consensed_contig_83271|TPO_consensed_contig_40136,0.388487632721,0.451986847652,1.79745332384,0.100689453658,0.10565457545,-6.00796621522
TDU_consensed_contig_13583|TPO_consensed_contig_12668,1.02053226778,2.41857916628,1.85729462589,0.0911622924494,0.0958010615044,-6.01983420358
TDU_consensed_contig_93920|TPO_consensed_contig_48075,0.53790791801,0.474442720473,1.95548908404,0.0773108035155,0.0814891373263,-5.78503401098
TDU_consensed_contig_32154|TPO_consensed_contig_50059,-0.229020999251,-0.0346341804982,-0.916799824947,0.379575693504,0.389468002939,-7.00807339736
TDU_consensed_contig_63370|TPO_consensed_contig_39561,0.247786263814,0.0937271033594,0.955690308377,0.360455984443,0.370175196216,-7.04621776013
TDU_consensed_contig_68375|TPO_consensed_contig_11321,-0.389481331949,-0.280206827667,-1.68655853179,0.120772643252,0.126337150549,-6.05144979724
TDU_consensed_contig_28852|TPO_consensed_contig_48114,-0.0137786993044,0.718556577199,-0.0691704893085,0.946137789052,0.947941330396,-7.4777506096
TDU_consensed_contig_49933|TPO_consensed_contig_49743,0.0622665912369,0.376017450232,0.264231492502,0.796653629545,0.802224633948,-7.45486646508
TDU_consensed_contig_77402|TPO_consensed_contig_104184,0.299001770211,0.596037342329,1.04066320064,0.321120782425,0.330327983643,-6.96684801183
TDU_consensed_contig_35173|TPO_consensed_contig_33894,0.601098700676,1.0533032873,1.93294643996,0.0803059990594,0.0845783651049,-5.83402376861
TDU_consensed_contig_74604|TPO_consensed_contig_3169,0.261957871686,0.495949433086,1.31370528778,0.216588670449,0.224401744901,-6.65482907891
TDU_consensed_contig_33925|TPO_consensed_contig_14610,-0.121997447811,0.50663354666,-0.717425748029,0.488575725266,0.498486656701,-7.19129927171
TDU_consensed_contig_16961|TPO_consensed_contig_24769,0.315706144026,0.417601472338,1.61385829274,0.135819278835,0.141780760587,-6.26512226285
TDU_consensed_contig_37997|TPO_consensed_contig_46595,0.159330036582,0.100774569442,0.759398419207,0.464120438596,0.474502436347,-7.20440619851
TDU_consensed_contig_64125|TPO_consensed_contig_38968,-0.272691660287,0.152441081435,-1.38794768681,0.193552584984,0.200910908793,-6.47595219733
TDU_consensed_contig_49295|TPO_consensed_contig_48141,0.105870586275,0.477047381719,0.494517061572,0.63100076887,0.639579604894,-7.36778272035
TDU_consensed_contig_32682|TPO_consensed_contig_5617,0.323920083549,1.01100532669,1.6587897759,0.126334948403,0.132050609288,-6.20241046315
TDU_consensed_contig_77971|TPO_consensed_contig_103565,0.0970510938493,0.877503019165,0.401140574352,0.696261407112,0.703691944194,-7.41019698597
TDU_consensed_contig_29705|TPO_consensed_contig_39849,-0.242918776307,-0.123699761489,-0.967014416571,0.355020903167,0.364700452858,-6.9575356086
TDU_consensed_contig_55460|TPO_consensed_contig_27084,-0.148879735218,-0.259700056147,-0.563285623963,0.584924843497,0.594080188873,-7.29073870969
TDU_consensed_contig_16366|TPO_consensed_contig_37287,-0.51818009891,-0.047912163424,-1.79996725371,0.100271570684,0.10523709575,-5.86354466912
TDU_consensed_contig_40172|TPO_consensed_contig_83311,0.541179455072,-0.0324768939724,2.01587152725,0.0697935971323,0.0736838699463,-5.69012027479
TDU_consensed_contig_38525|TPO_consensed_contig_35954,0.411114892766,0.420072742874,1.87197012941,0.0889558416798,0.0935197327471,-5.89965118032
TDU_consensed_contig_37863|TPO_consensed_contig_98998,-0.132774557841,-0.138031730869,-0.630576463056,0.541635227832,0.551605262059,-7.24927927693
TDU_consensed_contig_57213|TPO_consensed_contig_66071,0.55209839479,1.00573876518,1.96749668006,0.0757581825906,0.0798766314336,-5.76928254512
TDU_consensed_contig_13864|TPO_consensed_contig_36659,0.295090198762,0.538575191011,1.52522816864,0.156384744485,0.162893027549,-6.38350168642
TDU_consensed_contig_40283|TPO_consensed_contig_20793,0.194017029075,0.334553086786,1.19672869585,0.257418393868,0.26581357135,-6.78238398364
TDU_consensed_contig_22232|TPO_consensed_contig_106190,0.011496281804,0.159577163021,0.0488613645619,0.961935632905,0.963218458096,-7.48402592775
TDU_consensed_contig_12133|TPO_consensed_contig_39803,0.100685395944,0.107092635038,0.376824708901,0.713716784932,0.720709975332,-7.42074489637
TDU_consensed_contig_10162|TPO_consensed_contig_10429,0.0459139312826,0.415297809009,0.208163592272,0.839035434988,0.843609803213,-7.46865996759
TDU_consensed_contig_88760|TPO_consensed_contig_114018,0.16506925566,0.0935155123973,0.712540632652,0.491473060202,0.501296798839,-7.24096430734
TDU_consensed_contig_83888|TPO_consensed_contig_43163,0.152194309301,0.612687955134,0.749052684234,0.470074997192,0.48026322971,-7.20998527803
TDU_consensed_contig_22618|TPO_consensed_contig_65694,0.372614144085,0.794837661833,1.64714968517,0.128733732092,0.13451779242,-6.22567943414
TDU_consensed_contig_43107|TPO_consensed_contig_23523,0.356236625333,0.317384905218,1.44920922869,0.176128000371,0.183058882727,-6.4955212627
TDU_consensed_contig_37422|TPO_consensed_contig_41678,-0.265381524766,0.600993741224,-1.28461871865,0.226211079448,0.234117442863,-6.60511604267
TDU_consensed_contig_5551|TPO_consensed_contig_58350,0.108431274306,0.675258653959,0.52754724713,0.608647269008,0.617458028548,-7.35212714275
TDU_consensed_contig_40934|TPO_consensed_contig_37892,-0.260998477713,-0.00772359070045,-1.11263226149,0.290392657419,0.299275256352,-6.80630668855
TDU_consensed_contig_37504|TPO_consensed_contig_80917,0.401557052133,0.568922669002,1.35000113479,0.20505721913,0.212663919445,-6.63419842677
TDU_consensed_contig_83786|TPO_consensed_contig_35657,0.455691301483,0.413184364402,2.1440769384,0.0560527784638,0.0593201255625,-5.47449454485
TDU_consensed_contig_36288|TPO_consensed_contig_97234,0.0839056182859,0.0979922932517,0.294313952585,0.774184931498,0.780271524439,-7.45242686026
TDU_consensed_contig_66059|TPO_consensed_contig_92665,0.0881599314454,0.0948735063927,0.338424737914,0.741632294809,0.748180295877,-7.43526761284
TDU_consensed_contig_14825|TPO_consensed_contig_18164,-0.153462617994,0.281878096868,-0.695947879504,0.501392737538,0.511216339186,-7.20033821142
TDU_consensed_contig_7299|TPO_consensed_contig_103934,-0.243932504208,-0.0930591024701,-1.12492411684,0.285378003204,0.294251453622,-6.79491770886
TDU_consensed_contig_58428|TPO_consensed_contig_87496,0.0812311655928,0.677829083092,0.34221583776,0.738858076679,0.745453124297,-7.43351904836
TDU_consensed_contig_34207|TPO_consensed_contig_58313,0.0256011817547,0.118183107806,0.114612298886,0.910888369172,0.913408235881,-7.47992108981
TDU_consensed_contig_34737|TPO_consensed_contig_13829,0.11183912088,1.0429278402,0.542861209249,0.59842196875,0.607201904971,-7.34139284169
TDU_consensed_contig_49138|TPO_consensed_contig_84453,0.315530063298,0.360915539963,1.31667493042,0.215625492377,0.223425842865,-6.6563878218
TDU_consensed_contig_33518|TPO_consensed_contig_5026,0.257423313154,0.727512171384,1.3785441483,0.196351872851,0.203776373522,-6.57124630063
TDU_consensed_contig_79895|TPO_consensed_contig_100363,0.10115159414,0.684852326134,0.540189391614,0.600199528067,0.608946765663,-7.34134433748
TDU_consensed_contig_75838|TPO_consensed_contig_45546,-0.329147340948,0.574663730179,-1.23566677431,0.243191092407,0.251319776188,-6.65388665336
TDU_consensed_contig_34930|TPO_consensed_contig_8673,-0.170639680618,1.54756989375,-0.485587311878,0.637112463715,0.645463205337,-7.3282375075
TDU_consensed_contig_79254|TPO_consensed_contig_63313,0.301599272116,0.309357197167,1.29339770623,0.22327060085,0.231210772942,-6.68465233247
TDU_consensed_contig_37489|TPO_consensed_contig_102791,-0.251484008345,0.390761594208,-1.10187274075,0.294837693602,0.303796690369,-6.81764478129
TDU_consensed_contig_2740|TPO_consensed_contig_84533,0.415068487309,0.495699670458,1.69155252936,0.119795880472,0.125352806641,-6.16619699535
TDU_consensed_contig_33175|TPO_consensed_contig_100567,0.254617247547,0.193349262432,1.27204654598,0.230477096261,0.238415197392,-6.70270948665
TDU_consensed_contig_22738|TPO_consensed_contig_47989,0.49967134797,1.19750489276,1.8391826749,0.0939547759233,0.0987060368284,-5.96446045988
TDU_consensed_contig_83705|TPO_consensed_contig_21165,-0.230696039893,-0.241716932978,-0.905564273231,0.385230450969,0.39511586502,-7.01632889734
TDU_consensed_contig_19197|TPO_consensed_contig_16689,0.12478806869,0.731722764137,0.685943843471,0.507431813936,0.51732356009,-7.25378004836
TDU_consensed_contig_73720|TPO_consensed_contig_86974,-0.173433845511,0.0624717383461,-0.832331101741,0.423525266876,0.433758535211,-7.09137770466
TDU_consensed_contig_104404|TPO_consensed_contig_12105,0.160538153413,0.405036831393,0.804451131124,0.438756143703,0.449007455471,-7.16815539413
TDU_consensed_contig_74479|TPO_consensed_contig_71146,-0.310672520493,0.204167216288,-1.23677353786,0.242796121341,0.250936272494,-6.65846158877
TDU_consensed_contig_7658|TPO_consensed_contig_42642,-0.292839844434,0.110936779876,-1.07945279042,0.304267403957,0.313328658934,-6.83835923622
TDU_consensed_contig_75901|TPO_consensed_contig_20064,0.00580653697969,-0.0585484642241,0.0266127529989,0.979261575482,0.979914105803,-7.48394311325
TDU_consensed_contig_35042|TPO_consensed_contig_10554,0.25751895026,0.835173204616,1.30145100664,0.220600800081,0.228491044482,-6.66878295681
TDU_consensed_contig_103396|TPO_consensed_contig_40339,-0.0810193771842,0.227173367529,-0.277107531641,0.7870114327,0.792818800244,-7.43165258343
TDU_consensed_contig_18216|TPO_consensed_contig_5169,0.223340311186,0.661218000627,0.723702792105,0.484868375843,0.494800152108,-7.24193663935
TDU_consensed_contig_18664|TPO_consensed_contig_104141,0.078159211136,0.327433492481,0.322100796831,0.75362125895,0.759910472335,-7.44194121441
TDU_consensed_contig_8633|TPO_consensed_contig_33286,0.356676821843,0.336677373111,1.3723187532,0.198223702518,0.205658069569,-6.59429987262
TDU_consensed_contig_79688|TPO_consensed_contig_102758,-0.0862778114031,-0.163146667872,-0.427838264685,0.677306758759,0.684996021558,-7.37283606317
TDU_consensed_contig_37815|TPO_consensed_contig_37719,0.0930515860881,0.505745260694,0.415337637409,0.686153741682,0.693809939646,-7.40609130424
TDU_consensed_contig_32937|TPO_consensed_contig_35500,1.50807074919,3.79171503459,2.04252331577,0.0666985936561,0.0704304988963,-5.81811916241
TDU_consensed_contig_38169|TPO_consensed_contig_102208,0.0988973444211,-0.150520796814,0.49154401313,0.633032401476,0.641515145504,-7.36851194994
TDU_consensed_contig_58478|TPO_consensed_contig_103618,0.0588923207659,0.572283893979,0.268804750152,0.793224781879,0.798924873729,-7.45427543961
TDU_consensed_contig_12613|TPO_consensed_contig_96762,0.089160557133,0.0752210855811,0.478714015084,0.641836064961,0.650123406713,-7.37500216121
TDU_consensed_contig_41030|TPO_consensed_contig_106424,0.00734131280112,0.38853714851,0.0434152580897,0.966175203777,0.96727940401,-7.48379458435
TDU_consensed_contig_68562|TPO_consensed_contig_64607,0.273818703041,0.626572392817,1.08571665789,0.301610003571,0.31068342553,-6.91615503275
TDU_consensed_contig_37098|TPO_consensed_contig_35272,0.583443532726,0.351559492897,2.20950075583,0.0500727602187,0.053050277708,-5.38660488229
TDU_consensed_contig_34817|TPO_consensed_contig_31612,0.149552245333,0.433697514177,0.486700176342,0.636349239251,0.644752115952,-7.38213496968
TDU_consensed_contig_48489|TPO_consensed_contig_73895,0.425503643217,0.705263951713,1.56537043876,0.146755142172,0.153044648265,-6.34578287968
TDU_consensed_contig_61942|TPO_consensed_contig_90244,0.184214890737,0.659026765359,0.810972982028,0.435161216766,0.445415259069,-7.16311147235
TDU_consensed_contig_55995|TPO_consensed_contig_41654,0.133030305597,0.443119767852,0.60585993737,0.557321452031,0.567085771343,-7.30813496272
TDU_consensed_contig_14010|TPO_consensed_contig_47684,0.175435625206,0.565009142443,0.48990935693,0.634150798902,0.642586581652,-7.38200937944
TDU_consensed_contig_68943|TPO_consensed_contig_95711,-0.0939234211758,0.423831074538,-0.405197576999,0.693366578032,0.700833602718,-7.37986222535
TDU_consensed_contig_16723|TPO_consensed_contig_100762,0.171533855756,0.294958833508,0.919386987974,0.378281917964,0.388178399222,-7.06860901274
TDU_consensed_contig_16866|TPO_consensed_contig_19839,-0.355070747863,-0.430653850094,-1.71698168434,0.114931344968,0.120322507549,-6.01115065141
TDU_consensed_contig_89891|TPO_consensed_contig_3176,0.368404950586,0.331583125716,1.43274807604,0.180673733754,0.187746371018,-6.51758796703
TDU_consensed_contig_32903|TPO_consensed_contig_43314,-0.107164163268,-0.0675947089378,-0.572917309997,0.578616578352,0.587957222971,-7.29151688577
TDU_consensed_contig_7528|TPO_consensed_contig_10421,-0.292878020965,-0.263278810833,-1.29079867176,0.224137855185,0.232086006078,-6.59505213291
TDU_consensed_contig_77390|TPO_consensed_contig_28463,0.4590611576,0.443540822608,1.58721136877,0.141736894525,0.147840666327,-6.32121030106
TDU_consensed_contig_28983|TPO_consensed_contig_84888,0.386354858783,0.837687447131,1.97250579741,0.0751191285093,0.079210781311,-5.7368714618
TDU_consensed_contig_17306|TPO_consensed_contig_96596,0.197323570067,0.205084505539,1.0322920609,0.324848071397,0.334064070292,-6.96124189284
TDU_consensed_contig_37208|TPO_consensed_contig_23603,0.00669689355461,-0.119632074887,0.0308578648322,0.975954571956,0.976790865505,-7.48499563502
TDU_consensed_contig_43915|TPO_consensed_contig_107098,-0.00120252847281,-0.0764543526663,-0.00507202729678,0.996047047605,0.996236590335,-7.48376277602
TDU_consensed_contig_67254|TPO_consensed_contig_39165,-0.428678454728,-0.25007152523,-1.61014859223,0.136629823034,0.142598560339,-6.1532131954
TDU_consensed_contig_11629|TPO_consensed_contig_9079,0.648191486045,2.00009642513,1.20200502351,0.255452518935,0.263835417474,-6.84994068209
TDU_consensed_contig_47936|TPO_consensed_contig_28850,0.408447930995,0.678655525211,1.9617691624,0.0764951052852,0.0806374395064,-5.75935959089
TDU_consensed_contig_59447|TPO_consensed_contig_47311,0.703672232719,2.27426832324,1.68958612226,0.12017963675,0.125729333351,-6.21865361261
TDU_consensed_contig_39107|TPO_consensed_contig_19856,0.00903294990655,0.00389801354695,0.0417822241821,0.967446673764,0.968460092811,-7.48403411483
TDU_consensed_contig_39258|TPO_consensed_contig_110668,0.0738858123473,0.268971391515,0.317170466581,0.757255899009,0.763502207019,-7.4408097905
TDU_consensed_contig_44665|TPO_consensed_contig_32488,-0.064855853934,0.224222771153,-0.2645182999,0.796438459515,0.802084794637,-7.43503896926
TDU_consensed_contig_4709|TPO_consensed_contig_28640,-0.305121552414,-0.158120759207,-1.18083691421,0.263412078431,0.271895892426,-6.72197440449
TDU_consensed_contig_18169|TPO_consensed_contig_73067,0.289373267532,0.155902501371,1.48407462077,0.166821824392,0.173592458722,-6.43931911879
TDU_consensed_contig_38932|TPO_consensed_contig_88385,-0.408642243384,-0.430551593047,-1.46849165155,0.170927703189,0.177759400072,-6.34883644907
TDU_consensed_contig_40647|TPO_consensed_contig_18673,0.342979776949,0.522020399468,1.26390069635,0.233275979327,0.241191806303,-6.72716138698
TDU_consensed_contig_36680|TPO_consensed_contig_36765,0.321440830581,1.27241455864,1.25712347901,0.235625589612,0.243568791641,-6.72803110397
TDU_consensed_contig_4674|TPO_consensed_contig_27852,0.573283989809,2.6878083462,1.49926935851,0.162900251818,0.169562080118,-6.45852546483
TDU_consensed_contig_32908|TPO_consensed_contig_16459,0.434120515512,0.377557668804,2.14023144382,0.0564246846201,0.059707699288,-5.47483914575
TDU_consensed_contig_35897|TPO_consensed_contig_3108,0.276674819299,0.544120439501,1.78435904688,0.102891853106,0.107879429469,-6.00809254082
TDU_consensed_contig_41371|TPO_consensed_contig_32136,0.249140874158,0.588333273303,1.33961212688,0.208304593028,0.215946536678,-6.61971584579
TDU_consensed_contig_83111|TPO_consensed_contig_38808,0.334437686358,0.420576400971,1.52252465935,0.157052600952,0.163572470148,-6.3921898888
TDU_consensed_contig_41479|TPO_consensed_contig_59141,0.454264750736,0.921058618982,2.0446665265,0.0664554013612,0.0701878005735,-5.63548793922
TDU_consensed_contig_91240|TPO_consensed_contig_42075,-0.0950452916074,0.0245922482922,-0.456164046663,0.657449466503,0.665297342307,-7.35782314704
TDU_consensed_contig_32835|TPO_consensed_contig_45204,-0.0824795569108,0.195331616383,-0.28541461974,0.780810381278,0.78679819095,-7.42735542548
TDU_consensed_contig_19225|TPO_consensed_contig_11609,0.308545453191,0.180720436629,2.05798843602,0.0649623892726,0.0686316217119,-5.58882893024
TDU_consensed_contig_74276|TPO_consensed_contig_86565,-0.111008288699,0.294518083479,-0.365383076078,0.721990868962,0.728925087834,-7.39400434537
TDU_consensed_contig_63471|TPO_consensed_contig_58679,-0.135629580017,0.384047248228,-0.450218191417,0.661595453337,0.669299528965,-7.35281960494
TDU_consensed_contig_13149|TPO_consensed_contig_109204,0.441324664699,0.619787346504,1.88434968731,0.0871329688542,0.0916308291913,-5.88435053095
TDU_consensed_contig_56551|TPO_consensed_contig_34752,0.108149244578,0.369372023916,0.520050338899,0.613685390626,0.622448941167,-7.35398935766
TDU_consensed_contig_29092|TPO_consensed_contig_28873,0.413314876285,0.524343131186,1.91825169148,0.0823161586938,0.086643382416,-5.82701423646
TDU_consensed_contig_16877|TPO_consensed_contig_6628,0.558668797756,1.63445394301,1.29896259774,0.221422936469,0.229319990951,-6.72109776734
TDU_consensed_contig_2753|TPO_consensed_contig_28355,0.041106472602,0.752895321434,0.225272353159,0.826039075133,0.830780975679,-7.46222459554
TDU_consensed_contig_9116|TPO_consensed_contig_18957,-0.42866171147,0.443146142104,-1.75769089961,0.107513347265,0.112668757497,-5.93946548743
TDU_consensed_contig_29248|TPO_consensed_contig_99888,0.409473410728,0.203140284723,1.92990128971,0.0807187759344,0.0849960705822,-5.80691566244
TDU_consensed_contig_73823|TPO_consensed_contig_48498,-0.0728087098316,0.281951850071,-0.36713582815,0.720720902078,0.727712815545,-7.40024629783
TDU_consensed_contig_34876|TPO_consensed_contig_17766,0.0840403401107,1.31268318293,0.243962947641,0.811903444758,0.817033219538,-7.4632883157
TDU_consensed_contig_73920|TPO_consensed_contig_35070,0.251561295788,0.152060934826,1.1245518009,0.28552890474,0.294378172482,-6.87302304084
TDU_consensed_contig_88625|TPO_consensed_contig_92645,0.457394987446,0.681919995606,1.65806420518,0.126483301822,0.132192530201,-6.22511354043
TDU_consensed_contig_82829|TPO_consensed_contig_16717,-0.141393097695,-0.0119461317944,-0.454433487387,0.658654930639,0.666453039838,-7.34712988253
TDU_consensed_contig_23755|TPO_consensed_contig_3944,0.398394280013,1.49128198814,0.825209153408,0.427381969088,0.437623150112,-7.18673071556
TDU_consensed_contig_28275|TPO_consensed_contig_33846,-0.167713638898,0.080697961998,-0.602583203253,0.559419933353,0.568945659772,-7.26107273486
TDU_consensed_contig_27063|TPO_consensed_contig_105635,0.368515117305,0.284770911767,2.01249313102,0.0701954207425,0.0741006490103,-5.67097022798
TDU_consensed_contig_7421|TPO_consensed_contig_40093,-0.397492641142,-0.0755239649539,-1.33917352031,0.208442626281,0.216068325359,-6.51968931241
TDU_consensed_contig_44606|TPO_consensed_contig_60573,-0.259768564644,0.255587243866,-1.11974451758,0.287482873703,0.296334572305,-6.79748736369
TDU_consensed_contig_35808|TPO_consensed_contig_116576,-0.15146592802,1.18120624796,-0.24957227163,0.807674554333,0.812933254993,-7.42642967588
TDU_consensed_contig_76549|TPO_consensed_contig_84641,0.345825486767,0.249517106864,1.71121738979,0.116018204642,0.121424070808,-6.12840781049
TDU_consensed_contig_9284|TPO_consensed_contig_10028,0.455001704792,0.0986901409027,2.08179053055,0.0623733339507,0.0659294606827,-5.57461365242
TDU_consensed_contig_101043|TPO_consensed_contig_94965,0.159656849997,0.162346785898,1.00759361445,0.336032853341,0.345464777929,-6.97943928595
TDU_consensed_contig_37811|TPO_consensed_contig_90519,0.112485391104,0.439374868505,0.394783989784,0.70080728064,0.708218240154,-7.41726716617
TDU_consensed_contig_42597|TPO_consensed_contig_14150,0.140636515985,0.313924351664,0.545100738933,0.596934122933,0.605867674064,-7.34762452453
TDU_consensed_contig_41995|TPO_consensed_contig_3123,-0.0445149328027,0.15398774949,-0.176157560874,0.863480841301,0.867229470752,-7.45694837241
TDU_consensed_contig_37387|TPO_consensed_contig_101170,-0.447418861626,-0.4643401627,-1.88515804147,0.087015147173,0.0915160807486,-5.74509696567
TDU_consensed_contig_9212|TPO_consensed_contig_10474,0.220603494789,0.125596776472,0.916010306201,0.379971132458,0.389835696311,-7.07752035153
TDU_consensed_contig_75202|TPO_consensed_contig_29621,-0.0639425989236,0.147396911928,-0.188472127006,0.854056001294,0.858137706519,-7.45330952561
TDU_consensed_contig_38440|TPO_consensed_contig_27864,0.0889893794401,0.298449928866,0.383989681268,0.708554897763,0.715703765282,-7.41658837607
TDU_consensed_contig_32795|TPO_consensed_contig_102376,0.149773828387,0.270254054665,0.72850195526,0.482045707373,0.492158554381,-7.22667169793
TDU_consensed_contig_39139|TPO_consensed_contig_94515,-0.443037829181,-0.00778512548742,-2.13614178737,0.0568227806108,0.0601168548491,-5.34852505784
TDU_consensed_contig_80297|TPO_consensed_contig_15924,0.113625433964,0.270091945643,0.560877452113,0.586507786644,0.595630359695,-7.33281890785
TDU_consensed_contig_20187|TPO_consensed_contig_96019,-0.178898187452,-0.0942708751336,-0.78179646516,0.451394992357,0.461761790547,-7.13213511313
TDU_consensed_contig_9557|TPO_consensed_contig_6526,-0.316782106964,0.591674540138,-0.757638378998,0.465130034095,0.47539590845,-7.12944652078
TDU_consensed_contig_75521|TPO_consensed_contig_97482,0.315604967136,1.0322624857,0.889794645786,0.393266245554,0.403161183271,-7.12010862001
TDU_consensed_contig_17192|TPO_consensed_contig_9801,0.395509884312,0.285294308926,1.78907607856,0.10209346343,0.107063695888,-6.0205399913
TDU_consensed_contig_19920|TPO_consensed_contig_112328,0.393485209166,0.528684845699,2.22900350913,0.0484116387593,0.0513058923922,-5.32421993457
TDU_consensed_contig_101440|TPO_consensed_contig_35624,0.24012705119,0.137822197871,1.07813894433,0.304827047683,0.313874221299,-6.92119129599
TDU_consensed_contig_80248|TPO_consensed_contig_85237,0.0732321996439,0.200398968736,0.295175705044,0.773544357387,0.779700669752,-7.44966356927
TDU_consensed_contig_83687|TPO_consensed_contig_10351,-0.170443329796,0.256540619838,-0.734695641123,0.478418014135,0.488549656556,-7.16958668712
TDU_consensed_contig_35235|TPO_consensed_contig_96805,-0.111892835213,-0.37532234988,-0.679719260676,0.511211378257,0.521126261466,-7.21934098581
TDU_consensed_contig_13451|TPO_consensed_contig_13272,1.04114542563,1.63495487527,1.53513829101,0.153957667183,0.160412627359,-6.49228136745
TDU_consensed_contig_18807|TPO_consensed_contig_88846,-0.042673754487,0.604556626172,-0.206328432788,0.840432550665,0.844852918867,-7.45248490589
TDU_consensed_contig_16693|TPO_consensed_contig_97108,0.42029468396,0.860148896034,1.61978768065,0.134532573163,0.140479428737,-6.27422480862
TDU_consensed_contig_74978|TPO_consensed_contig_35995,0.141018127091,0.620878237277,0.728151482082,0.482251493993,0.492320841493,-7.22432499867
TDU_consensed_contig_78109|TPO_consensed_contig_88434,-0.0284773660167,0.165101235948,-0.176443862648,0.863261463531,0.86713850976,-7.46239954727
TDU_consensed_contig_41380|TPO_consensed_contig_40621,0.205443212754,0.19696466432,1.13833265218,0.2799845593,0.288775283296,-6.84972129295
TDU_consensed_contig_41546|TPO_consensed_contig_10002,0.162734891003,0.767404424158,0.58826348571,0.568641860861,0.578100893749,-7.32299316938
TDU_consensed_contig_17859|TPO_consensed_contig_18003,-0.258692588896,0.0356119594096,-1.12794812345,0.284154645825,0.29301879899,-6.78782054495
TDU_consensed_contig_4798|TPO_consensed_contig_57173,0.0292029049293,0.265727948038,0.177307426445,0.86259983398,0.866556713952,-7.47168559359
TDU_consensed_contig_8360|TPO_consensed_contig_16237,0.023976280433,0.108912888425,0.102565209742,0.920217078079,0.922498753077,-7.48375416304
TDU_consensed_contig_35213|TPO_consensed_contig_6527,0.194484081858,0.466358014375,0.653529567113,0.527297036504,0.537419667222,-7.28707674817
TDU_consensed_contig_101146|TPO_consensed_contig_40512,-0.382037321375,0.0867570730199,-1.66342127924,0.125391620356,0.131090672619,-6.08542314535
TDU_consensed_contig_2708|TPO_consensed_contig_32481,-0.500254149522,-0.268909386146,-1.67487287671,0.123086127464,0.128705995415,-6.04870016115
TDU_consensed_contig_32713|TPO_consensed_contig_102233,0.404057551223,0.763671414768,2.22025452843,0.0491501768137,0.0520833325267,-5.34074022272
TDU_consensed_contig_5542|TPO_consensed_contig_111345,-0.404159475569,0.108092317545,-1.02860741899,0.326498866787,0.335696017964,-6.87080951189
TDU_consensed_contig_20862|TPO_consensed_contig_50711,0.336318311378,0.799283190699,1.27124094747,0.230752673534,0.238676778922,-6.71617813883
TDU_consensed_contig_37930|TPO_consensed_contig_45220,-0.117709223045,-0.113401736491,-0.612955704516,0.552792292856,0.562640645091,-7.26436893086
TDU_consensed_contig_33486|TPO_consensed_contig_13180,0.128158852617,-0.0331348284384,0.46210598946,0.653318244946,0.661244116202,-7.38687569694
TDU_consensed_contig_62264|TPO_consensed_contig_48931,-0.101982706687,0.781456269417,-0.335250698457,0.743957932489,0.750454446438,-7.40399887076
TDU_consensed_contig_64678|TPO_consensed_contig_91496,0.188193439693,0.367826233847,0.776599888636,0.454327136456,0.464625630745,-7.19285997124
TDU_consensed_contig_37956|TPO_consensed_contig_8958,0.0805865733429,0.427519235423,0.347317467248,0.735131000043,0.741906400965,-7.43168794726
TDU_consensed_contig_26257|TPO_consensed_contig_94117,-0.147031598437,0.0853837868833,-0.832502092832,0.423432958834,0.433706251901,-7.09536335017
TDU_consensed_contig_30210|TPO_consensed_contig_13586,-0.362914720982,-0.128478660043,-1.04762271106,0.3180464686,0.32719754139,-6.85671620468
TDU_consensed_contig_39466|TPO_consensed_contig_71702,1.11600348044,1.77706456345,1.90610500252,0.0840128865416,0.0884204508736,-5.96465948435
TDU_consensed_contig_78269|TPO_consensed_contig_47654,-0.130104629015,0.0700126483356,-0.605050915884,0.557839155731,0.56750268122,-7.266382539
TDU_consensed_contig_62014|TPO_consensed_contig_100736,0.326097013505,0.280134816454,1.58461750502,0.14232487496,0.148439238574,-6.30621928057
TDU_consensed_contig_38135|TPO_consensed_contig_40607,0.275280305152,0.181982839335,1.33220878987,0.210644677088,0.218286360957,-6.6338122
TDU_consensed_contig_35207|TPO_consensed_contig_102435,0.167030108169,0.515596252765,0.985404312773,0.346321333185,0.356007222222,-7.00352040553
TDU_consensed_contig_40022|TPO_consensed_contig_40301,0.487247805281,0.299609668142,1.84314009921,0.0933380016626,0.098067873411,-5.95436903745
TDU_consensed_contig_17846|TPO_consensed_contig_13495,0.524457745116,0.6840362986,1.7738876711,0.104684543255,0.109737127911,-6.06185951152
TDU_consensed_contig_35959|TPO_consensed_contig_90301,0.112473633211,0.611843143861,0.482028176478,0.63955635006,0.647876684189,-7.37816950113
TDU_consensed_contig_4907|TPO_consensed_contig_32807,-0.194374782794,0.697345074996,-0.855775825598,0.410994943466,0.421019689205,-7.06698188
TDU_consensed_contig_39559|TPO_consensed_contig_97206,0.368817342982,0.412028630364,1.46917305412,0.170746367037,0.177605957876,-6.46892917946
TDU_consensed_contig_28519|TPO_consensed_contig_82911,-0.00110231297911,0.0185027968071,-0.00455415510804,0.996450655004,0.996545455751,-7.48383124513
TDU_consensed_contig_38721|TPO_consensed_contig_97824,-0.121997447811,-0.10309015444,-0.616514938936,0.550528281549,0.560390558308,-7.26172531472
TDU_consensed_contig_61432|TPO_consensed_contig_85659,0.428285920437,0.491445714133,2.000276623,0.0716666281757,0.0756309201268,-5.70188765302
TDU_consensed_contig_39675|TPO_consensed_contig_6251,-0.170443329796,0.0366343112966,-0.856160578803,0.410791429132,0.420881043181,-7.07019529651
TDU_consensed_contig_67927|TPO_consensed_contig_44511,-0.205422135834,-0.0141514365117,-0.792643521951,0.445314242909,0.455674420467,-7.12021863156
TDU_consensed_contig_36094|TPO_consensed_contig_103499,0.420988712736,1.06658536932,1.28753633686,0.225230343483,0.233194264818,-6.70691435592
TDU_consensed_contig_67807|TPO_consensed_contig_96485,-0.190287222544,0.356006739189,-1.08499214401,0.301916465383,0.310968634539,-6.84510364564
TDU_consensed_contig_36396|TPO_consensed_contig_51268,0.191127561448,0.0693610928085,0.778415671232,0.453301193049,0.463666647984,-7.19340615282
TDU_consensed_contig_82258|TPO_consensed_contig_18613,0.127865921766,0.356712442086,0.591315311157,0.566669507664,0.576151452226,-7.31678451005
TDU_consensed_contig_38532|TPO_consensed_contig_81085,0.164413394816,0.438477544284,0.8905084043,0.392900033397,0.402825041556,-7.09246950422
TDU_consensed_contig_49101|TPO_consensed_contig_13751,0.0483699126202,0.142388615571,0.176110352359,0.863517015826,0.867229470752,-7.47354708979
TDU_consensed_contig_17469|TPO_consensed_contig_22407,0.474820318111,0.58868153268,2.01884558396,0.0694416535158,0.0733196727358,-5.67987509474
TDU_consensed_contig_80293|TPO_consensed_contig_63956,0.165990519751,0.247666123322,0.672074181156,0.515876454316,0.525830823986,-7.26885077612
TDU_consensed_contig_101441|TPO_consensed_contig_35626,0.3314843281,0.747209197723,1.37383971492,0.197765010401,0.205202427138,-6.59077301671
TDU_consensed_contig_33214|TPO_consensed_contig_38441,0.141440075024,0.33834859563,0.635513834026,0.538532228714,0.548551432969,-7.29076832386
TDU_consensed_contig_38652|TPO_consensed_contig_4717,-0.166107359042,-0.0913884557565,-0.714753296225,0.490159432954,0.500053955668,-7.18729114924
TDU_consensed_contig_20721|TPO_consensed_contig_4695,0.138821452252,0.381504321593,0.637955617628,0.537001420142,0.547098171015,-7.28645101546
TDU_consensed_contig_58703|TPO_consensed_contig_81093,0.432814558054,0.129958297387,2.18367945239,0.052356233776,0.0554471820928,-5.40585794074
TDU_consensed_contig_13687|TPO_consensed_contig_81230,-0.149680552121,-0.0403350224844,-0.507047864858,0.622473078382,0.631118537804,-7.32254724254
TDU_consensed_contig_28377|TPO_consensed_contig_96218,0.110868621489,0.219029009992,0.551656130661,0.592590128711,0.60163293732,-7.3387699416
TDU_consensed_contig_31765|TPO_consensed_contig_28058,0.137883772145,0.407072273431,0.518418511088,0.614784812267,0.623443753285,-7.3632841358
TDU_consensed_contig_18665|TPO_consensed_contig_37389,0.254617247547,0.328470184271,1.59605337982,0.139748601473,0.145810153716,-6.27890008338
TDU_consensed_contig_74882|TPO_consensed_contig_42515,0.269232721517,0.681662196807,1.22184627212,0.248166869155,0.256411453564,-6.76317858589
TDU_consensed_contig_44893|TPO_consensed_contig_96366,0.0966051011281,0.48263029988,0.445259663922,0.665062115941,0.672741817049,-7.39347474598
TDU_consensed_contig_4702|TPO_consensed_contig_44459,0.314548110557,0.790918822187,1.04792828692,0.317911990534,0.327122394477,-6.96211998488
TDU_consensed_contig_38878|TPO_consensed_contig_104140,0.483614731376,0.518391689157,2.21112277124,0.0499325494584,0.0529070617787,-5.36716678326
TDU_consensed_contig_82044|TPO_consensed_contig_37888,-0.0230451149526,0.340067462523,-0.115548259493,0.910164174611,0.912856197263,-7.47446066636
TDU_consensed_contig_39898|TPO_consensed_contig_51841,0.0391404433667,0.0582380631613,0.151468563147,0.882442079772,0.885812752345,-7.47801149605
TDU_consensed_contig_19248|TPO_consensed_contig_16623,-0.272146882346,-0.0742901257904,-1.475108218,0.169173857474,0.176005105875,-6.36213956699
TDU_consensed_contig_40633|TPO_consensed_contig_35231,0.393994425543,0.358809965049,1.68589760854,0.120902444625,0.12646034805,-6.17448988112
TDU_consensed_contig_8534|TPO_consensed_contig_13434,0.402414695469,0.815047887217,1.96408713423,0.0761960648854,0.0803302611649,-5.75342314759
TDU_consensed_contig_28799|TPO_consensed_contig_18054,0.425375599554,0.703165131356,1.38038105648,0.19580239847,0.20322618609,-6.59457264369
TDU_consensed_contig_37587|TPO_consensed_contig_106386,0.174267987372,0.219335606504,0.877516498154,0.399602943085,0.409617370816,-7.10414307061
TDU_consensed_contig_74738|TPO_consensed_contig_21254,-0.00442442370134,0.0893464291142,-0.0200913589493,0.984342609366,0.98481103166,-7.48095894611
TDU_consensed_contig_68264|TPO_consensed_contig_44150,-0.228690127872,-0.110449074708,-1.09053975613,0.299575929173,0.308618401359,-6.83362854542
TDU_consensed_contig_70533|TPO_consensed_contig_34955,0.14943193493,0.14171841832,0.782831428994,0.450812486763,0.461210789377,-7.18221049513
TDU_consensed_contig_79697|TPO_consensed_contig_33134,0.301935696526,0.527644293187,1.37751213711,0.196661145519,0.204077192665,-6.57883697809
TDU_consensed_contig_104854|TPO_consensed_contig_95410,0.0895269654917,1.0169512643,0.470636764158,0.64740837,0.655578150991,-7.37814142161
TDU_consensed_contig_33879|TPO_consensed_contig_32197,-0.283748954491,-0.280466460068,-1.0666580001,0.309750776552,0.318850388085,-6.85228975159
TDU_consensed_contig_17527|TPO_consensed_contig_38419,0.331409077922,0.873939170308,1.14334721161,0.27798800199,0.286800459017,-6.86099216379
TDU_consensed_contig_28900|TPO_consensed_contig_96252,-0.133831140109,0.311095501444,-0.593553757025,0.565225224468,0.574738591566,-7.27168837448
TDU_consensed_contig_92867|TPO_consensed_contig_9033,-0.0957774480931,0.504165551323,-0.500094504534,0.627198044584,0.635786484538,-7.33273587529
TDU_consensed_contig_40246|TPO_consensed_contig_39177,0.598243815973,0.562136612571,2.13903366845,0.0565410029929,0.0598247633077,-5.50548059282
TDU_consensed_contig_74966|TPO_consensed_contig_110329,-0.000536965370827,0.297660865936,-0.00290379206103,0.997736883635,0.997736883635,-7.48314647346
TDU_consensed_contig_57355|TPO_consensed_contig_85284,0.167804906247,0.220386011248,0.753884570799,0.467287966791,0.477508613484,-7.20801983002
TDU_consensed_contig_80730|TPO_consensed_contig_83926,-0.11742442522,-0.214046303993,-0.444191105781,0.665810258822,0.673433795895,-7.35901893261
TDU_consensed_contig_45189|TPO_consensed_contig_91024,0.170888375084,-0.143407516376,0.952917123283,0.361796073751,0.371515124281,-7.03554046926
TDU_consensed_contig_87804|TPO_consensed_contig_66907,0.312007373291,0.670535408959,1.71227511016,0.115818081073,0.121226692048,-6.12136255097
TDU_consensed_contig_89863|TPO_consensed_contig_20796,0.0774994282065,1.18208081166,0.347457054012,0.735029122619,0.741874809119,-7.42903221132
TDU_consensed_contig_26354|TPO_consensed_contig_45440,0.0374464648338,0.166039883566,0.133589716775,0.896222224955,0.899387878638,-7.47754961475
TDU_consensed_contig_28350|TPO_consensed_contig_35672,0.540763562302,0.265321094133,2.05139003881,0.0656978873838,0.0694016874866,-5.63836807303
TDU_consensed_contig_74793|TPO_consensed_contig_37834,-0.218533269284,-0.250170707165,-0.968363592126,0.354377326992,0.364074908262,-6.95945346196
TDU_consensed_contig_94724|TPO_consensed_contig_14362,-0.424306385016,-0.297577819881,-1.81316820179,0.0981030790146,0.102992066973,-5.8576809193
TDU_consensed_contig_25045|TPO_consensed_contig_6269,0.364562657351,0.326895484658,1.34070889625,0.20795976242,0.215610318825,-6.63497687297
TDU_consensed_contig_34284|TPO_consensed_contig_34694,-0.200995452614,0.622485479912,-0.908149182721,0.38392428492,0.393814606077,-7.02098657591
TDU_consensed_contig_36404|TPO_consensed_contig_73616,0.515802357465,0.739803424564,1.93735250241,0.07971221906,0.08398665398,-5.81290517407
TDU_consensed_contig_36681|TPO_consensed_contig_100126,0.253544070355,0.393037291492,1.10189620153,0.294827944799,0.303796690369,-6.89601872451
TDU_consensed_contig_5241|TPO_consensed_contig_24043,-0.150005198978,-0.102789810929,-0.607732750297,0.556124043633,0.565922163278,-7.26168040338
TDU_consensed_contig_85653|TPO_consensed_contig_97903,0.392652662739,0.429576354802,2.043697856,0.066565213772,0.0702967176182,-5.62484693823
TDU_consensed_contig_11156|TPO_consensed_contig_3441,0.215380157864,0.442434479698,0.944414764684,0.365926959279,0.375683581984,-7.05153542066
TDU_consensed_contig_82450|TPO_consensed_contig_20709,0.306461483273,-0.16061212146,1.55913310809,0.148216537798,0.154507362686,-6.33971445379
TDU_consensed_contig_47267|TPO_consensed_contig_74015,-0.16302966705,-0.012467046409,-0.699393836034,0.499322675113,0.509155103384,-7.19682201823
TDU_consensed_contig_51491|TPO_consensed_contig_49141,0.156634868289,0.211740223022,0.774575485397,0.455472720641,0.465751871535,-7.19137818682
TDU_consensed_contig_71844|TPO_consensed_contig_100885,0.136666293045,0.25642221078,0.464989818509,0.651317592821,0.659409663462,-7.39187555023
TDU_consensed_contig_25365|TPO_consensed_contig_29128,-0.251052229452,0.0680658376553,-1.44943947981,0.17606511491,0.183011617515,-6.39937531354
TDU_consensed_contig_77274|TPO_consensed_contig_4775,0.24198757185,0.388678335145,1.12914538841,0.283671419183,0.292549196355,-6.8669153915
TDU_consensed_contig_34331|TPO_consensed_contig_84259,0.141606718855,0.0905933499497,0.565562850415,0.583430070423,0.59267654622,-7.33277182992
TDU_consensed_contig_13527|TPO_consensed_contig_13403,-0.396780303978,0.538306931597,-1.73493215566,0.111605276916,0.116898632019,-5.97853887056
TDU_consensed_contig_79579|TPO_consensed_contig_86432,0.337588140677,-0.170623353864,1.68155226434,0.121758958919,0.127343565431,-6.17200991161
TDU_consensed_contig_41466|TPO_consensed_contig_49689,0.13356529862,0.797308864136,0.622650176235,0.546638001435,0.556484473279,-7.29668796662
TDU_consensed_contig_34728|TPO_consensed_contig_83709,0.283038879032,0.282679870443,1.27831916893,0.228340529339,0.236228288989,-6.69885687106
TDU_consensed_contig_37227|TPO_consensed_contig_116219,0.180648898557,0.638348472633,0.89424460011,0.390986948043,0.400902730963,-7.09301362246
TDU_consensed_contig_83294|TPO_consensed_contig_58339,0.0763675298153,0.134702382016,0.309395738524,0.76299992322,0.769219832444,-7.44243887316
TDU_consensed_contig_26198|TPO_consensed_contig_93679,0.445161268299,0.32019352994,1.5618521181,0.147577920482,0.153872158313,-6.35474227469
TDU_consensed_contig_105272|TPO_consensed_contig_35926,-0.532628200612,-0.393274324404,-2.06426028659,0.0642704963711,0.0679211277624,-5.44853975241
TDU_consensed_contig_13561|TPO_consensed_contig_58231,0.251471240068,0.368362995029,0.872848904675,0.402030244009,0.412065320303,-7.12501376669
TDU_consensed_contig_44498|TPO_consensed_contig_106257,0.0871812477181,0.271465997605,0.32561877442,0.751031620574,0.757371872168,-7.43683653138
TDU_consensed_contig_4917|TPO_consensed_contig_103978,0.0244510125048,0.192568519926,0.120268744103,0.906513042811,0.909541386469,-7.48054210205
TDU_consensed_contig_46766|TPO_consensed_contig_13073,0.491717386644,1.63532887703,1.3920553779,0.192340359205,0.199692035157,-6.59434609706
TDU_consensed_contig_18593|TPO_consensed_contig_115331,-0.275304284463,0.199472043086,-1.35919596018,0.202218382612,0.209740467491,-6.51171158023
TDU_consensed_contig_75336|TPO_consensed_contig_38794,0.185820943534,0.324847429405,0.626805812503,0.544011850919,0.553918304616,-7.30350677592
TDU_consensed_contig_67300|TPO_consensed_contig_8888,0.0254614242769,0.197294132364,0.146202101058,0.886497195338,0.889798387988,-7.47548476387
TDU_consensed_contig_8926|TPO_consensed_contig_38643,0.132456152698,0.349066411632,0.865231694047,0.406013166372,0.416025967921,-7.11017215078
TDU_consensed_contig_34155|TPO_consensed_contig_89264,0.0111156136785,0.125369480836,0.0615612673343,0.952054308262,0.95368733452,-7.48313535237
TDU_consensed_contig_9294|TPO_consensed_contig_95003,-0.301790785311,-0.0522668465868,-1.27083333855,0.230892209604,0.238797276008,-6.61840619738
TDU_consensed_contig_36045|TPO_consensed_contig_34816,0.253765121389,0.272636658382,1.23535134521,0.243303754362,0.251411487845,-6.74605858613
TDU_consensed_contig_36222|TPO_consensed_contig_14742,-0.137901957185,0.0428321870911,-0.572371066103,0.578973358524,0.588262898203,-7.28527890364
TDU_consensed_contig_2706|TPO_consensed_contig_47521,0.0404484842142,0.920373561286,0.204083412616,0.842142478872,0.846409956774,-7.46900903563
TDU_consensed_contig_13400|TPO_consensed_contig_36540,0.341643953294,0.517537212728,1.56136760029,0.147691543231,0.153975354799,-6.33969126337
TDU_consensed_contig_64765|TPO_consensed_contig_59207,-0.671468079129,-0.0602536569597,-1.59594355961,0.139773145219,0.145821288462,-6.14029578314
TDU_consensed_contig_29890|TPO_consensed_contig_4954,-0.0828051739879,0.140945032861,-0.276080542692,0.787779143274,0.793516132053,-7.42686224133
TDU_consensed_contig_32418|TPO_consensed_contig_37823,0.395863182803,0.520974951039,1.88793668805,0.0866112666183,0.0911004237234,-5.87028109325
TDU_consensed_contig_60428|TPO_consensed_contig_41464,0.188316656475,0.766052175117,0.921143929518,0.377405091474,0.387316442602,-7.06868238374
TDU_consensed_contig_21159|TPO_consensed_contig_4493,0.240703120367,0.809606929211,1.04785939583,0.317942304449,0.327122394477,-6.95170938207
TDU_consensed_contig_42120|TPO_consensed_contig_42915,-0.407004662366,0.525346455758,-1.86220464902,0.0904185274921,0.0950289503096,-5.78437340153
TDU_consensed_contig_28636|TPO_consensed_contig_81765,0.700410986569,0.860682493107,2.24253514385,0.0472903223957,0.0501276463672,-5.35376357315
TDU_consensed_contig_34337|TPO_consensed_contig_47744,0.54173434146,0.782649716502,2.16291977321,0.0542639507966,0.0574501612221,-5.45768108594
TDU_consensed_contig_39157|TPO_consensed_contig_83165,-0.570657644356,-0.167595438663,-1.80916393298,0.0987562825742,0.103657118564,-5.84256491582
TDU_consensed_contig_36779|TPO_consensed_contig_96245,0.388308941483,1.60433922394,1.33420877695,0.210010372818,0.217656253894,-6.64791517793
TDU_consensed_contig_36555|TPO_consensed_contig_34783,-0.661537297703,1.13250205074,-1.99342518986,0.0725043305035,0.0765072798889,-5.54574531225
TDU_consensed_contig_56071|TPO_consensed_contig_57762,-0.487759245175,-0.192381994849,-1.91961708243,0.0821274314316,0.0864533906678,-5.68363833624
TDU_consensed_contig_46705|TPO_consensed_contig_47324,0.0518225352373,1.2033457081,0.22822696705,0.823800059431,0.828766984854,-7.46194851032
TDU_consensed_contig_47512|TPO_consensed_contig_29965,-0.0195173258868,0.26751347823,-0.0889538162808,0.9307722042,0.93299107567,-7.47780183306
TDU_consensed_contig_12704|TPO_consensed_contig_9937,0.306612939089,0.28715784339,1.53148941148,0.154847473676,0.161307763678,-6.37668901299
TDU_consensed_contig_74538|TPO_consensed_contig_13654,0.472465214776,0.288865620529,1.5325851253,0.154579806995,0.161044889111,-6.40156011969
TDU_consensed_contig_40317|TPO_consensed_contig_29188,0.292711620525,0.37645591262,1.28338504442,0.226626818666,0.234503144849,-6.69504272881
TDU_consensed_contig_34785|TPO_consensed_contig_31315,0.570072865365,0.851792901073,1.767539005,0.105785202647,0.110879853447,-6.07713437874
TDU_consensed_contig_28680|TPO_consensed_contig_47331,0.509343470454,1.28929449653,2.16913125305,0.0536862956054,0.0568500392268,-5.43869572954
TDU_consensed_contig_47479|TPO_consensed_contig_48464,-0.101723704715,0.357232285639,-0.519371189902,0.614142837201,0.622852822447,-7.32134104022
TDU_consensed_contig_34508|TPO_consensed_contig_105271,-0.0889705184148,0.567917338734,-0.385529710133,0.707447399216,0.714722446954,-7.38795496707
TDU_consensed_contig_11049|TPO_consensed_contig_110058,0.414883928543,0.356811297844,1.73328183008,0.111907402423,0.117203408815,-6.10629175271
TDU_consensed_contig_35519|TPO_consensed_contig_73187,0.346173028793,1.28511175732,1.28122333507,0.227356803933,0.235233732573,-6.70339564051
TDU_consensed_contig_34942|TPO_consensed_contig_104976,-0.288723743465,-0.162084457405,-1.3093815755,0.217997366561,0.225838998452,-6.57143258537
TDU_consensed_contig_82365|TPO_consensed_contig_42513,0.0895269654917,-0.142232446675,0.566355606301,0.582910184115,0.592205649504,-7.32535668729
TDU_consensed_contig_8370|TPO_consensed_contig_11428,0.109682985082,-0.062444856954,0.326568163002,0.750333309806,0.756740262177,-7.44149051245
TDU_consensed_contig_82373|TPO_consensed_contig_106892,-0.280584776082,-0.175291783688,-1.19966951899,0.256321211634,0.264706609362,-6.70391266592
TDU_consensed_contig_74252|TPO_consensed_contig_31353,-0.498607410458,0.479633073498,-1.98955691956,0.0729813321474,0.0769874323667,-5.57280611816
TDU_consensed_contig_13562|TPO_consensed_contig_13644,0.10830940542,0.498096286073,0.462820731458,0.652822126519,0.660805603656,-7.3842652182
TDU_consensed_contig_40545|TPO_consensed_contig_40778,-0.145708950025,0.438612028074,-0.543724918149,0.597847929699,0.606736574338,-7.29989705445
TDU_consensed_contig_28429|TPO_consensed_contig_59253,-0.208235465003,0.111328424273,-1.03987277441,0.321471349901,0.330656245613,-6.88877413531
TDU_consensed_contig_56983|TPO_consensed_contig_85366,0.125324524593,0.384292904633,0.604228491079,0.558365711185,0.56798339036,-7.30625791071
TDU_consensed_contig_14098|TPO_consensed_contig_28467,0.266662277452,0.743387207649,0.93879247954,0.368677019758,0.378470003096,-7.06340501266
TDU_consensed_contig_37144|TPO_consensed_contig_28426,0.60012726529,0.76537465934,2.16766436711,0.0538221813985,0.056988192069,-5.45680072585
TDU_consensed_contig_81032|TPO_consensed_contig_42265,0.335587740096,0.372583667897,1.86720610055,0.0896666590434,0.0942481671697,-5.89291776296
TDU_consensed_contig_45856|TPO_consensed_contig_96448,0.54928945683,0.829100283672,1.87200004624,0.0889513943887,0.0935197327471,-5.92124520508
TDU_consensed_contig_42707|TPO_consensed_contig_104531,-0.132483857851,-0.0629535883026,-0.605618739218,0.557475769902,0.567187891329,-7.26730100716
TDU_consensed_contig_45525|TPO_consensed_contig_39688,0.36491904433,0.893796724397,1.61758598888,0.135009086869,0.140963003692,-6.26394923655
TDU_consensed_contig_41130|TPO_consensed_contig_35300,-0.0709360337211,-0.0165797237912,-0.287034842468,0.779602766989,0.785656627992,-7.4289122585
TDU_consensed_contig_104367|TPO_consensed_contig_38603,0.436718256008,0.634464227047,1.55363027627,0.149516392039,0.155846932386,-6.36824390036
TDU_consensed_contig_6042|TPO_consensed_contig_7339,0.263612905565,0.191803323089,1.51504989616,0.158912009595,0.165443502512,-6.39161434705
TDU_consensed_contig_32856|TPO_consensed_contig_43746,0.264513745265,0.577512006168,1.44260735995,0.177939253097,0.184923126896,-6.49004341457
TDU_consensed_contig_29995|TPO_consensed_contig_29366,-0.426580905179,-0.183482011932,-1.70057726556,0.11804870499,0.123536882713,-6.0225020095
TDU_consensed_contig_50377|TPO_consensed_contig_101217,0.280417620847,0.0328344002959,1.45255786428,0.17521531785,0.182164318192,-6.47965285644
TDU_consensed_contig_84465|TPO_consensed_contig_62451,0.118504621294,0.267731485044,0.505376944877,0.623606891404,0.632207121462,-7.36654810128
TDU_consensed_contig_13766|TPO_consensed_contig_86439,-0.0908218654037,0.163183933515,-0.381371997371,0.710439003535,0.717537932856,-7.39072678571
TDU_consensed_contig_34032|TPO_consensed_contig_47317,0.238965768339,1.69114250184,0.393663727023,0.701609711046,0.708960999954,-7.43770718668
TDU_consensed_contig_13347|TPO_consensed_contig_96193,0.245419735047,0.419561275591,0.757709574352,0.46508916782,0.47539590845,-7.21416878232
TDU_consensed_contig_29965|TPO_consensed_contig_83993,0.0967865230294,0.158585990004,0.451041465657,0.661020677878,0.668782422123,-7.39014380477
TDU_consensed_contig_9715|TPO_consensed_contig_19239,0.0373667170203,0.921352140751,0.174158950468,0.865012604968,0.868648500518,-7.47198702759
TDU_consensed_contig_13653|TPO_consensed_contig_110285,0.336947447965,0.520493774813,1.79172306995,0.101647917122,0.106607094162,-6.0083557231
TDU_consensed_contig_60107|TPO_consensed_contig_102856,0.399596705802,0.648871951414,1.60091387803,0.138666123793,0.144695085698,-6.29710621852
TDU_consensed_contig_47127|TPO_consensed_contig_17845,0.151492204971,0.600340460927,0.758724447032,0.464506877706,0.474851337007,-7.20225704158
TDU_consensed_contig_22690|TPO_consensed_contig_40628,0.443446229153,0.556716958139,1.92625461977,0.0812156831194,0.0855107432843,-5.81860078671
TDU_consensed_contig_40567|TPO_consensed_contig_13598,0.384632330596,0.830209846485,1.63830656646,0.130583111007,0.136423142805,-6.2420187429
TDU_consensed_contig_39813|TPO_consensed_contig_27678,0.465469414914,0.512112792763,1.40423941808,0.188782262608,0.196056030877,-6.57001432841
TDU_consensed_contig_44415|TPO_consensed_contig_37403,0.140687383188,1.40051060198,0.410836013574,0.689351850238,0.696842643495,-7.41659747891
TDU_consensed_contig_29022|TPO_consensed_contig_58312,0.423937265201,0.851997787727,1.78761602827,0.10233998208,0.107311510387,-6.02941455417
TDU_consensed_contig_48595|TPO_consensed_contig_5878,0.60924464212,0.826294043213,2.1465737287,0.0558125592935,0.0590777991434,-5.49266215332
TDU_consensed_contig_74590|TPO_consensed_contig_47895,0.487698184079,1.02392639402,1.41816061631,0.184785060491,0.191999659571,-6.55349621868
TDU_consensed_contig_17612|TPO_consensed_contig_114591,0.59407284504,1.23315902414,1.88242909277,0.0874134961075,0.0919166421009,-5.91074270751
TDU_consensed_contig_73701|TPO_consensed_contig_32889,0.433026574832,0.272367997934,1.88870849051,0.0864993916082,0.0909918547568,-5.87499332387
TDU_consensed_contig_63103|TPO_consensed_contig_33673,-0.153179056504,0.412649267583,-0.463978015187,0.652019203193,0.660056419873,-7.34642008717
TDU_consensed_contig_35773|TPO_consensed_contig_96966,-0.236194321105,0.0918772299363,-0.904952984467,0.385539792438,0.395394565669,-7.0171663254
TDU_consensed_contig_79913|TPO_consensed_contig_13052,-0.203048313573,0.0394037419808,-0.911189798583,0.382391828447,0.392280950584,-7.01485457502
TDU_consensed_contig_39008|TPO_consensed_contig_19215,0.166234485855,0.342055194343,0.747751577237,0.470827270922,0.48098506044,-7.21392293435
TDU_consensed_contig_57198|TPO_consensed_contig_103236,0.0190159655887,0.276634434718,0.0834255156166,0.935063306439,0.937203039406,-7.48399327014
TDU_consensed_contig_9304|TPO_consensed_contig_38047,-0.300678045161,0.0563265648999,-1.10138966072,0.295038485823,0.303973788393,-6.80995787507
TDU_consensed_contig_84016|TPO_consensed_contig_102356,0.152839955221,1.36810234881,0.726906561248,0.482982914067,0.493019653591,-7.2275218075
TDU_consensed_contig_72034|TPO_consensed_contig_83396,0.00980207372061,-0.0742886461725,0.0513021202585,0.960035996747,0.961407868706,-7.48434285669
TDU_consensed_contig_17588|TPO_consensed_contig_38321,0.138994638309,0.0862064978127,0.465324875054,0.651085333983,0.65923801106,-7.38547181157
TDU_consensed_contig_9361|TPO_consensed_contig_32533,0.275597616342,0.558601383826,1.27076794117,0.23091460337,0.238797276008,-6.70882901119
TDU_consensed_contig_50207|TPO_consensed_contig_4735,-0.364800834909,0.088681129241,-1.2081668988,0.25317185543,0.261531303487,-6.68297782303
TDU_consensed_contig_21961|TPO_consensed_contig_10631,0.188180842852,0.356360459512,0.855753311954,0.411006854131,0.421019689205,-7.12856498233
TDU_consensed_contig_43407|TPO_consensed_contig_9824,0.00929669417607,0.404630078755,0.0405784006912,0.968384024179,0.969306119041,-7.48455568706
TDU_consensed_contig_48805|TPO_consensed_contig_82912,0.359022078918,0.783612402146,1.65573892047,0.126959786348,0.132677331155,-6.21246148564
TDU_consensed_contig_10121|TPO_consensed_contig_34810,0.365851618621,0.152445023927,2.06049310258,0.0646852427288,0.068352560471,-5.59529670504
TDU_consensed_contig_43823|TPO_consensed_contig_17444,0.0535827971644,0.355483034679,0.261847487878,0.798442853326,0.803872356494,-7.45426519935
TDU_consensed_contig_29577|TPO_consensed_contig_29882,-0.484848607082,-0.298932530043,-2.0686780316,0.0637873251421,0.0674172895529,-5.44899685455
TDU_consensed_contig_37164|TPO_consensed_contig_37639,0.0125388482619,-0.0919040405962,0.0602805028855,0.953050469657,0.954503290494,-7.48293842544
TDU_consensed_contig_33043|TPO_consensed_contig_34069,0.0110722721037,0.156697398474,0.0461964517687,0.964010012734,0.965203662621,-7.48536046471
TDU_consensed_contig_9344|TPO_consensed_contig_10131,0.325101025476,0.364281142575,1.14170177169,0.27864191025,0.287418679281,-6.86843396534
TDU_consensed_contig_57764|TPO_consensed_contig_13889,0.28642553461,0.315926179009,1.05595315856,0.314395671645,0.323568366979,-6.94970797466
TDU_consensed_contig_11074|TPO_consensed_contig_10483,0.395802154463,0.707465114506,2.05823585672,0.0649349618725,0.0686095405773,-5.60187618501
TDU_consensed_contig_41914|TPO_consensed_contig_4364,-0.0523937718861,0.097754727015,-0.190870283857,0.85222331888,0.85637812141,-7.45343337708
TDU_consensed_contig_43659|TPO_consensed_contig_17724,0.555909907599,0.487445507078,1.79789282378,0.100616282546,0.105588336042,-6.03556805161
TDU_consensed_contig_10778|TPO_consensed_contig_96542,0.287163791958,1.05797711092,1.18569623197,0.261567744627,0.270018671465,-6.80931200985
TDU_consensed_contig_67568|TPO_consensed_contig_58726,0.372264501939,-0.186523417219,1.76485781474,0.10625318388,0.111359269088,-6.05415689493
TDU_consensed_contig_13478|TPO_consensed_contig_18524,0.350224615109,1.1848465975,1.30875764966,0.218201267505,0.226027958614,-6.67331090257
TDU_consensed_contig_38020|TPO_consensed_contig_116754,0.596075497955,0.85585274059,2.20018858757,0.0508850537112,0.0539054403519,-5.40560741849
TDU_consensed_contig_44522|TPO_consensed_contig_41552,-0.502146200497,0.21875676577,-1.62056791012,0.134364065025,0.140317410246,-6.12818104916
TDU_consensed_contig_73949|TPO_consensed_contig_101094,0.264251759192,0.533321735718,1.28338043791,0.226628372196,0.234503144849,-6.69157691044
TDU_consensed_contig_35779|TPO_consensed_contig_87390,0.0187370403718,0.24979328053,0.114492918561,0.910980745185,0.913413734584,-7.47939798926
TDU_consensed_contig_86871|TPO_consensed_contig_4352,0.0388869300116,0.0457692755644,0.144753006046,0.887613585315,0.890833875198,-7.47709781243
TDU_consensed_contig_49000|TPO_consensed_contig_17570,0.512357338256,0.788845596751,1.92372326345,0.0815622824739,0.0858670719445,-5.83376466362
TDU_consensed_contig_8732|TPO_consensed_contig_14594,0.0484380466449,0.0546882196272,0.207245930094,0.839733983209,0.844231410816,-7.46858664028
TDU_consensed_contig_23281|TPO_consensed_contig_10750,-0.476946220118,0.0124479560468,-1.7304384855,0.112429666304,0.117738658317,-5.97308370533
TDU_consensed_contig_45620|TPO_consensed_contig_50333,0.0321236346496,0.637767083194,0.115087044008,0.910521026997,0.913126982999,-7.4832178621
TDU_consensed_contig_20777|TPO_consensed_contig_10861,0.157937433289,0.124596780373,0.45687941421,0.656951457445,0.664857391034,-7.39997154082
TDU_consensed_contig_8601|TPO_consensed_contig_16577,0.041106472602,0.402699839378,0.205892779228,0.840764300667,0.845105596539,-7.46676156488
TDU_consensed_contig_91229|TPO_consensed_contig_72230,-0.403841121878,-0.0682562313613,-1.48837875832,0.165702808911,0.172462171017,-6.32645556709
TDU_consensed_contig_49577|TPO_consensed_contig_75374,-0.167488608732,0.172774706354,-0.979344870252,0.349170508503,0.358830812922,-6.95740312966
TDU_consensed_contig_28665|TPO_consensed_contig_41347,0.415049619957,0.53547673114,1.5406451321,0.152623208248,0.159037982267,-6.3810968953
TDU_consensed_contig_49221|TPO_consensed_contig_88575,-0.43979268053,0.0587239729756,-1.93338128609,0.0802472149958,0.0845249222481,-5.67164699409
TDU_consensed_contig_67385|TPO_consensed_contig_16821,0.322106483764,0.721032921368,1.89116465739,0.0861442509725,0.0906364093907,-5.85405563605
TDU_consensed_contig_9074|TPO_consensed_contig_37726,0.32813277947,0.42504708064,1.61188186066,0.136250585321,0.142216875474,-6.26774227562
TDU_consensed_contig_29329|TPO_consensed_contig_34743,0.243497008855,0.891070744244,0.975799790078,0.350845309931,0.360516705571,-7.02625191478
TDU_consensed_contig_12610|TPO_consensed_contig_39593,0.391745405277,0.510950657853,1.98804065865,0.0731691043548,0.0771777669052,-5.71433975545
TDU_consensed_contig_64343|TPO_consensed_contig_13471,0.0146722485738,0.232904978634,0.0753417085292,0.941341865922,0.943406015308,-7.48344756203
TDU_consensed_contig_71265|TPO_consensed_contig_40818,0.139605174157,0.490429189057,0.5516875792,0.592569329125,0.60163293732,-7.34144497827
TDU_consensed_contig_34816|TPO_consensed_contig_28503,-0.194207083853,0.433416486128,-0.725166097755,0.484006633902,0.493968712192,-7.17607567162
TDU_consensed_contig_96547|TPO_consensed_contig_105832,-0.259902103526,-0.253915816394,-1.14193412676,0.278549498231,0.287351553033,-6.77466160804
TDU_consensed_contig_75102|TPO_consensed_contig_105479,0.293455712244,0.544490739472,1.11349000926,0.290040533551,0.298941669643,-6.89343151716
TDU_consensed_contig_74230|TPO_consensed_contig_102519,0.334643971568,0.328825386777,1.45218515362,0.175316701264,0.182251697358,-6.48561754858
TDU_consensed_contig_19263|TPO_consensed_contig_38664,0.0530837402402,0.236298895912,0.225837640165,0.825610572673,0.830508932051,-7.46450226764
TDU_consensed_contig_34686|TPO_consensed_contig_33883,-0.198806886772,0.567988662998,-1.12087806695,0.287021201939,0.295887699792,-6.80458533171
TDU_consensed_contig_21209|TPO_consensed_contig_116319,0.324334817604,0.314196115194,1.17544991618,0.265468688817,0.27396493784,-6.8267692518
TDU_consensed_contig_59168|TPO_consensed_contig_103958,0.255441382016,0.777877715219,1.06644767927,0.309841533523,0.318912582042,-6.93409875121
TDU_consensed_contig_58369|TPO_consensed_contig_100640,-0.0827216793899,0.0137850524542,-0.420874508421,0.682228983077,0.689907750852,-7.37620169127
TDU_consensed_contig_33591|TPO_consensed_contig_104164,-0.235030141326,-0.445716653145,-0.895081213231,0.390559457502,0.400503464761,-7.02561801515
TDU_consensed_contig_29479|TPO_consensed_contig_50003,0.198932512385,0.400055833048,0.714395013463,0.490371993426,0.500222260543,-7.24190648677
TDU_consensed_contig_13669|TPO_consensed_contig_13997,0.457569272444,0.412857103149,1.37003788149,0.198913238237,0.206353099807,-6.61328398684
