,logFC,AveExpr,t,P.Value,adj.P.Val,B
TDU_consensed_contig_75901|TPR_consensed_contig_67233,0.452531772309,0.366942799338,2.01929354302,0.0661266266188,0.0691026653245,-5.66833318131
TDU_consensed_contig_37756|TPR_consensed_contig_107372,0.280633774997,0.61753072354,1.07196859808,0.30460808778,0.312239445066,-6.94387549561
TDU_consensed_contig_22232|TPR_consensed_contig_66358,0.00541074636905,0.11840080435,0.0206427168541,0.983866493863,0.984071533072,-7.49084319221
TDU_consensed_contig_88760|TPR_consensed_contig_26734,0.302919850218,0.214662578098,1.90052511567,0.081398565493,0.0848870754427,-5.83460882053
TDU_consensed_contig_58951|TPR_consensed_contig_111931,0.507667722384,0.502535082585,1.95703184918,0.073768049497,0.0769770051673,-5.77902974238
TDU_consensed_contig_82142|TPR_consensed_contig_74828,0.393936538164,0.16905513034,2.19412634756,0.0484263994353,0.0507574295083,-5.3680065894
TDU_consensed_contig_34284|TPR_consensed_contig_78932,0.0120535561875,0.53039620504,0.0518711833778,0.959476151416,0.960422660394,-7.49024495983
TDU_consensed_contig_18114|TPR_consensed_contig_64198,0.0399738001081,0.772335594913,0.182065759523,0.858539669801,0.861937471997,-7.47890913029
TDU_consensed_contig_40934|TPR_consensed_contig_81252,0.206000669168,0.0583152511375,0.860760585481,0.406070045787,0.414276367847,-7.13573992862
TDU_consensed_contig_48418|TPR_consensed_contig_79085,0.141611767361,0.134806766068,0.567773882369,0.580550565207,0.588261092985,-7.34118837395
TDU_consensed_contig_37164|TPR_consensed_contig_99873,-0.233118231241,-0.197656720645,-1.13122546316,0.279839538326,0.287140438405,-6.79583394824
TDU_consensed_contig_46355|TPR_consensed_contig_104991,-0.400722457116,-0.328136747788,-2.13602918875,0.0537443578751,0.0562790505014,-5.33835447024
TDU_consensed_contig_76094|TPR_consensed_contig_52052,0.391058874711,0.176814611252,1.94936555761,0.0747632688388,0.0779994744919,-5.77126957674
TDU_consensed_contig_26898|TPR_consensed_contig_91080,-0.206369595624,-0.248117268442,-0.997163133733,0.338170674198,0.346083492797,-6.94133031597
TDU_consensed_contig_21155|TPR_consensed_contig_105130,-0.295685593446,-0.416733163928,-1.58844990514,0.137907028418,0.142819209773,-6.2072251233
TDU_consensed_contig_91240|TPR_consensed_contig_61172,0.364951364414,0.132367991223,1.839564461,0.0904336705016,0.094154571576,-5.94042784997
TDU_consensed_contig_49138|TPR_consensed_contig_93463,-0.363549198949,-0.153437603986,-1.375005131,0.194006215063,0.200018397099,-6.48485602099
TDU_consensed_contig_9350|TPR_consensed_contig_75261,-0.315805414313,-0.0355080351282,-1.31824483038,0.211783168976,0.217991866058,-6.56345216555
TDU_consensed_contig_13562|TPR_consensed_contig_103090,0.423935367582,0.66704072606,1.75359537758,0.104719700307,0.108771706318,-6.08108293287
TDU_consensed_contig_94580|TPR_consensed_contig_78476,0.220766524259,0.307682319441,0.868166958644,0.40216034102,0.410328907022,-7.13113642451
TDU_consensed_contig_47860|TPR_consensed_contig_52335,0.142682483263,1.02136692558,0.654342210827,0.525109413161,0.532935108557,-7.28592639521
TDU_consensed_contig_78352|TPR_consensed_contig_59959,0.309531951731,0.0795450467182,1.00236816492,0.335751568211,0.343711779927,-7.02021683521
TDU_consensed_contig_13097|TPR_consensed_contig_102205,-0.0862221458711,-0.365490492365,-0.463399223571,0.651286383922,0.658620982425,-7.36158464294
TDU_consensed_contig_55445|TPR_consensed_contig_80843,0.0676665950561,-0.218621771875,0.307836547744,0.763430821401,0.768886604939,-7.45024342794
TDU_consensed_contig_13290|TPR_consensed_contig_113435,-0.17094981384,0.340384251975,-0.7242441693,0.482657594636,0.490684962706,-7.18543795709
TDU_consensed_contig_7387|TPR_consensed_contig_6810,0.534404221193,0.600866535444,2.18531301969,0.0491998755339,0.0515628110971,-5.40754871767
TDU_consensed_contig_60024|TPR_consensed_contig_97614,-0.405457728272,-0.237950265111,-1.87178437025,0.0855505805776,0.0891620522926,-5.76609836971
TDU_consensed_contig_39982|TPR_consensed_contig_103143,0.104464278895,0.281878051033,0.42494747175,0.678319039257,0.685138691154,-7.40979268038
TDU_consensed_contig_83754|TPR_consensed_contig_112835,0.200705843719,0.540520342127,0.754831363351,0.464760293719,0.472963865246,-7.22233356512
TDU_consensed_contig_71779|TPR_consensed_contig_106770,0.0997153082061,0.390182768083,0.363291031452,0.722642615364,0.728457641376,-7.43582475038
TDU_consensed_contig_40298|TPR_consensed_contig_25653,0.319816341754,0.339368119706,1.77149414458,0.101588360607,0.105594867351,-6.03726480195
TDU_consensed_contig_39365|TPR_consensed_contig_60630,0.360435067714,0.170248834174,1.57162212694,0.141756745502,0.146746143298,-6.33664471291
TDU_consensed_contig_35983|TPR_consensed_contig_78488,0.222748041055,0.344722866762,1.07957774295,0.301338339636,0.309012646012,-6.92619631602
TDU_consensed_contig_85607|TPR_consensed_contig_100093,0.096361960319,0.215906735004,0.406473731971,0.691477656661,0.69801271211,-7.41714436009
TDU_consensed_contig_4690|TPR_consensed_contig_59356,0.344309132238,0.891814647016,1.41281854843,0.182861832567,0.188720404298,-6.54916413786
TDU_consensed_contig_36637|TPR_consensed_contig_59699,0.2438670345,0.523818371252,1.1640538225,0.266797235569,0.274007241834,-6.83797637132
TDU_consensed_contig_9877|TPR_consensed_contig_75528,0.300725008476,0.374359814255,1.72854897244,0.109246317606,0.113403824527,-6.09903436359
TDU_consensed_contig_73732|TPR_consensed_contig_113779,-0.367947541934,-0.0424282457489,-1.7290416776,0.109155615509,0.113321263615,-5.98999676309
TDU_consensed_contig_82122|TPR_consensed_contig_86597,0.390544301378,0.328028899923,1.49247096565,0.161132653122,0.166600064319,-6.45238328951
TDU_consensed_contig_9087|TPR_consensed_contig_75456,0.372338162409,0.580766339445,2.03728701586,0.0640588752838,0.0669487493567,-5.62619780396
TDU_consensed_contig_81282|TPR_consensed_contig_110679,0.376169403544,0.728168054339,1.76726604219,0.102320390843,0.106333982577,-6.05253070236
TDU_consensed_contig_75030|TPR_consensed_contig_114161,0.0195682771436,0.390865860662,0.0801435598776,0.937430746208,0.938911240921,-7.49002998417
TDU_consensed_contig_24519|TPR_consensed_contig_102192,0.307633544512,0.916294538187,1.32734519438,0.208846490075,0.215034534225,-6.65358214437
TDU_consensed_contig_55698|TPR_consensed_contig_23680,0.330082501312,0.130935467554,1.69110024938,0.116339448221,0.120643472775,-6.15987560226
TDU_consensed_contig_33175|TPR_consensed_contig_101893,0.395060349679,0.531090323217,1.88761036659,0.0832409983073,0.0867906298627,-5.87033507128
TDU_consensed_contig_56071|TPR_consensed_contig_14390,-0.232545457642,-0.0552022862496,-0.91381422403,0.37862834142,0.386629946703,-7.01742454987
TDU_consensed_contig_36272|TPR_consensed_contig_78414,0.494456964542,0.647119982654,2.09223652496,0.0581107201637,0.0607948734407,-5.55585721822
TDU_consensed_contig_28970|TPR_consensed_contig_97941,-0.0987720720575,0.482293832521,-0.311934830956,0.760389141042,0.765899207282,-7.42255410786
TDU_consensed_contig_34613|TPR_consensed_contig_103977,0.470320418203,0.591151653151,1.81068383161,0.0950238436124,0.0988626003419,-6.00306310186
TDU_consensed_contig_68130|TPR_consensed_contig_110888,0.255396135264,1.01588671661,1.16685395985,0.265706920564,0.272915084823,-6.83527142929
TDU_consensed_contig_50643|TPR_consensed_contig_114116,-0.43252094395,-0.307870142416,-1.87037303788,0.0857593527525,0.0893521051832,-5.76388151837
TDU_consensed_contig_60672|TPR_consensed_contig_76248,-0.265587557559,1.07832855422,-1.15228497661,0.271417723046,0.27861159694,-6.76715272687
TDU_consensed_contig_13720|TPR_consensed_contig_99208,-0.218386609309,0.611400800451,-0.739187920454,0.473861264768,0.48188717715,-7.16713012378
TDU_consensed_contig_33776|TPR_consensed_contig_37458,-0.172227880548,-0.222566883337,-0.972212538922,0.349941819034,0.358021742059,-6.97110299796
TDU_consensed_contig_46826|TPR_consensed_contig_110783,0.585753544473,1.09373873121,1.81025532223,0.0950935054686,0.0989249333597,-6.02191914348
TDU_consensed_contig_13561|TPR_consensed_contig_10803,0.138055691547,0.410549632693,0.528763514401,0.606513919219,0.614139979874,-7.36282206363
TDU_consensed_contig_47749|TPR_consensed_contig_79134,0.275279039666,0.719136050445,1.40021044899,0.186516899741,0.192414292566,-6.55556442993
TDU_consensed_contig_5618|TPR_consensed_contig_5617,0.232712082597,-0.0337193774602,1.15538043525,0.270196484265,0.277414117762,-6.84471878175
TDU_consensed_contig_68196|TPR_consensed_contig_90720,0.273303458458,0.444149167048,1.35335674584,0.200635681331,0.20672728051,-6.61460160792
TDU_consensed_contig_37621|TPR_consensed_contig_102517,0.408785366327,0.492034497191,1.69179909988,0.116203427974,0.120527055469,-6.17157341044
TDU_consensed_contig_69902|TPR_consensed_contig_19676,0.277400527312,0.638965912331,1.20328928583,0.251833672716,0.25892757899,-6.797037089
TDU_consensed_contig_13779|TPR_consensed_contig_78619,0.262044599629,0.617351340768,1.34747659144,0.20246824296,0.2085307817,-6.62088957192
TDU_consensed_contig_2871|TPR_consensed_contig_101037,0.00964447564159,-0.0742522485273,0.0470300975191,0.963255029446,0.964015068921,-7.49085922404
TDU_consensed_contig_67680|TPR_consensed_contig_15495,-0.213090672389,-0.120772230084,-1.05328679989,0.312748319692,0.320357076511,-6.88314043503
TDU_consensed_contig_4849|TPR_consensed_contig_11244,0.0471902897386,0.253215194733,0.161505044449,0.874355696595,0.877121824355,-7.48408880635
TDU_consensed_contig_13524|TPR_consensed_contig_99650,0.332984714773,0.976946376286,1.65443197827,0.123676608832,0.128160391117,-6.21301417151
TDU_consensed_contig_63739|TPR_consensed_contig_50453,0.548219392694,1.0834597291,2.17007559105,0.0505647291235,0.0529713304167,-5.4336313172
TDU_consensed_contig_34545|TPR_consensed_contig_74152,0.547760811507,0.581947859546,1.88382125968,0.0837887311248,0.087334797609,-5.90103580287
TDU_consensed_contig_13667|TPR_consensed_contig_78494,0.0781654315814,0.790223926118,0.317740204598,0.756087638858,0.761642139531,-7.44933449141
TDU_consensed_contig_45620|TPR_consensed_contig_47495,0.224058653525,0.583741474791,0.956567954921,0.357470596692,0.365576914396,-7.05127922378
TDU_consensed_contig_42279|TPR_consensed_contig_75873,0.320766229974,0.0563528916546,1.83008479715,0.0919177267934,0.0956702404115,-5.9477890676
TDU_consensed_contig_73720|TPR_consensed_contig_78417,0.348891805004,0.438520551028,1.75419444381,0.104613513983,0.108672535461,-6.06824828352
TDU_consensed_contig_7308|TPR_consensed_contig_101189,0.510711012361,0.971058175233,1.68055504934,0.118409068489,0.122777111992,-6.20379098771
TDU_consensed_contig_62772|TPR_consensed_contig_47110,-0.157638034169,0.1695759826,-0.544986747868,0.595645394153,0.603255196574,-7.30708942971
TDU_consensed_contig_74738|TPR_consensed_contig_102997,0.405203522205,0.275196876523,1.67887372186,0.118742038757,0.12310978515,-6.18869667807
TDU_consensed_contig_42567|TPR_consensed_contig_24586,0.201528292984,0.244992767034,0.797493735831,0.440503618355,0.448638985792,-7.18930966743
TDU_consensed_contig_57783|TPR_consensed_contig_55694,0.498896432574,0.751333482381,1.80108485276,0.0965954099878,0.100456454355,-6.02102873862
TDU_consensed_contig_16997|TPR_consensed_contig_75364,-0.129944536236,-0.0327201462747,-0.516475301666,0.6148122968,0.622232233755,-7.32716913272
TDU_consensed_contig_94497|TPR_consensed_contig_41544,-0.0605959173958,-0.00016934135885,-0.219840050029,0.829653574871,0.834423116684,-7.45348262802
TDU_consensed_contig_37197|TPR_consensed_contig_100421,0.292493459168,0.388412736812,1.40954152814,0.183806038435,0.189675569206,-6.54583761699
TDU_consensed_contig_41376|TPR_consensed_contig_46519,0.347395761679,0.860689433452,1.39232895303,0.188832486691,0.194783291903,-6.5768770043
TDU_consensed_contig_41964|TPR_consensed_contig_7845,-0.315318819995,-0.130291453246,-1.27277800635,0.226961806166,0.233520730802,-6.61973346267
TDU_consensed_contig_31878|TPR_consensed_contig_65528,0.162945444597,0.625995444045,0.947931764783,0.361675603722,0.369765476168,-7.04909792471
TDU_consensed_contig_13134|TPR_consensed_contig_96766,0.487597119874,1.11068457033,1.82411947353,0.0928628684787,0.0966440539953,-5.98362639137
TDU_consensed_contig_17506|TPR_consensed_contig_74937,0.432239875825,0.147188887149,2.04168088201,0.0635631542598,0.0664375078568,-5.62844478374
TDU_consensed_contig_59788|TPR_consensed_contig_39707,0.309102913077,0.343423603586,1.76280835689,0.103097285296,0.107130379304,-6.04914891743
TDU_consensed_contig_3310|TPR_consensed_contig_21098,0.0991644874669,0.432911306014,0.432211439541,0.673174851079,0.680010474256,-7.40620149817
TDU_consensed_contig_59804|TPR_consensed_contig_59880,-0.0474538256806,0.378709963966,-0.246841143315,0.809161133868,0.814135649515,-7.4493511894
TDU_consensed_contig_35931|TPR_consensed_contig_11059,0.247885811885,-0.000694506848923,1.09564074464,0.294522532627,0.302114854283,-6.91337233054
TDU_consensed_contig_49876|TPR_consensed_contig_52762,0.247173718161,0.199161351824,1.42914746562,0.178217213724,0.183964401593,-6.51276569143
TDU_consensed_contig_63668|TPR_consensed_contig_50994,0.116055488246,0.378342263595,0.526329146432,0.608153388889,0.615677186177,-7.36116071203
TDU_consensed_contig_76278|TPR_consensed_contig_105662,0.0344895114331,0.378786457206,0.156290107599,0.878376521657,0.881068264655,-7.4827881338
TDU_consensed_contig_47614|TPR_consensed_contig_66648,-0.0617492676344,0.0660728506161,-0.284554014151,0.780787573114,0.785977331785,-7.43659468301
TDU_consensed_contig_67525|TPR_consensed_contig_83491,-0.157200899276,0.127531257036,-0.560682796643,0.585226212747,0.592880429387,-7.2976571889
TDU_consensed_contig_28233|TPR_consensed_contig_106629,0.304825071812,0.568011620314,1.46833653226,0.167472930708,0.173049676975,-6.46949376974
TDU_consensed_contig_68682|TPR_consensed_contig_16401,0.179946246964,0.302886879532,0.687159047972,0.504914409648,0.512746848949,-7.26956185464
TDU_consensed_contig_7298|TPR_consensed_contig_16826,-0.101042555973,0.0749756288995,-0.494002346962,0.630132678897,0.637419628428,-7.34311231477
TDU_consensed_contig_77509|TPR_consensed_contig_98251,0.148161065983,0.896057176715,0.630773594963,0.539896733661,0.547778437802,-7.30290863821
TDU_consensed_contig_16896|TPR_consensed_contig_12722,0.270645999558,0.4661487292,1.41463345467,0.182340649943,0.188201665647,-6.53521183214
TDU_consensed_contig_41371|TPR_consensed_contig_55872,0.330830299668,0.486922443173,1.1339771637,0.278727865497,0.286028686408,-6.88445914557
TDU_consensed_contig_39318|TPR_consensed_contig_6966,0.264002985234,0.00489086398435,1.38652243004,0.190553686663,0.196538753666,-6.57088877724
TDU_consensed_contig_59215|TPR_consensed_contig_49455,0.369634215214,0.585858694726,1.81474302955,0.0943662288078,0.0981985564263,-5.97934819432
TDU_consensed_contig_85951|TPR_consensed_contig_103749,0.221144299518,0.362973757531,1.13597607006,0.277922443388,0.285231013761,-6.8655915613
TDU_consensed_contig_101135|TPR_consensed_contig_2966,-0.365705100823,-0.0110958850562,-2.01589913618,0.0665235785752,0.0694960106869,-5.54245412558
TDU_consensed_contig_13221|TPR_consensed_contig_79377,0.137652450718,0.302684503083,0.729080109243,0.479800110492,0.487828829776,-7.23215023742
TDU_consensed_contig_65272|TPR_consensed_contig_11284,0.248224924166,-0.181866418762,1.34968285644,0.201779050936,0.207884255239,-6.61551979196
TDU_consensed_contig_13629|TPR_consensed_contig_116133,0.394022413856,0.343479489504,1.84353375208,0.0898187439087,0.0935335380174,-5.93885507848
TDU_consensed_contig_84800|TPR_consensed_contig_34933,-0.0965544843688,-0.0893350078198,-0.409201962237,0.689527612128,0.696113489231,-7.38473162705
TDU_consensed_contig_13383|TPR_consensed_contig_96265,0.0699357342939,0.475939775022,0.233196144643,0.819499599849,0.824292470229,-7.47176727554
TDU_consensed_contig_59821|TPR_consensed_contig_14517,0.153045958902,-0.336051674315,0.79061918087,0.444356231186,0.452517330173,-7.18713868192
TDU_consensed_contig_36491|TPR_consensed_contig_76236,-0.224718473752,0.0693427491953,-1.00222771151,0.335816680516,0.3437437564,-6.93353526951
TDU_consensed_contig_33033|TPR_consensed_contig_12334,-0.040648045897,0.179508430461,-0.209176016763,0.83778411358,0.842016184676,-7.46012120518
TDU_consensed_contig_38248|TPR_consensed_contig_105831,0.260841689711,0.623426253708,0.940168694346,0.36548521464,0.373565119839,-7.07214723257
TDU_consensed_contig_41222|TPR_consensed_contig_62430,-0.383556729256,-0.0244795318838,-1.59793484996,0.135777389828,0.140642422886,-6.18000575931
TDU_consensed_contig_47411|TPR_consensed_contig_12947,-0.0362909732522,0.190694682951,-0.153699855281,0.880374983879,0.882985565031,-7.47166889021
TDU_consensed_contig_25774|TPR_consensed_contig_19785,0.238522233408,0.681222941305,1.32393202813,0.209943997532,0.216142628141,-6.64603018423
TDU_consensed_contig_32891|TPR_consensed_contig_38618,-0.00921883196765,0.397282842983,-0.0425264886262,0.966771316231,0.967343313854,-7.48736426798
TDU_consensed_contig_83211|TPR_consensed_contig_15127,0.195049613761,0.486965061586,0.731469491522,0.47839210818,0.486446008789,-7.2385296286
TDU_consensed_contig_45267|TPR_consensed_contig_91273,0.365525123815,0.677063612471,1.62582328943,0.129680665384,0.134340960863,-6.26022229531
TDU_consensed_contig_58453|TPR_consensed_contig_111017,0.147243444255,0.45357043295,0.659896519392,0.521658836718,0.529486067438,-7.28321708131
TDU_consensed_contig_40665|TPR_consensed_contig_10765,-0.0113145847898,0.00596691614643,-0.0467056399604,0.963508330447,0.964173474264,-7.4862866662
TDU_consensed_contig_17720|TPR_consensed_contig_101108,-0.0781978039362,0.273248088342,-0.375483134824,0.713787833072,0.719746113702,-7.40181825437
TDU_consensed_contig_95411|TPR_consensed_contig_93286,0.321754680389,0.411875992948,1.69922012968,0.11476770333,0.11907442594,-6.14657371077
TDU_consensed_contig_9228|TPR_consensed_contig_7625,0.40022507641,0.378600687893,2.18107828042,0.0495756614224,0.0519459145449,-5.39113217048
TDU_consensed_contig_9889|TPR_consensed_contig_3021,0.0603335466713,-0.0720919411869,0.272283399756,0.789985629043,0.795078771861,-7.4600037029
TDU_consensed_contig_83882|TPR_consensed_contig_64447,-0.0617544208807,0.595669551871,-0.273638858267,0.788967924979,0.794133273957,-7.43945133407
TDU_consensed_contig_39389|TPR_consensed_contig_59772,0.160425907065,0.280552509802,0.701308942589,0.496350888583,0.504151398043,-7.25721654113
TDU_consensed_contig_48800|TPR_consensed_contig_46759,0.209534823232,0.70051192973,0.973447730656,0.349352259924,0.35745461142,-7.03167199665
TDU_consensed_contig_44015|TPR_consensed_contig_18538,-0.212503018405,0.155197356314,-0.741654042421,0.472419233986,0.480517037616,-7.16520878594
TDU_consensed_contig_34519|TPR_consensed_contig_40742,0.318073991666,0.816085979773,1.19734579291,0.254057154464,0.261160768549,-6.81228156699
TDU_consensed_contig_44146|TPR_consensed_contig_86502,0.202367218547,0.198993315941,0.876892502792,0.397587032689,0.405744304606,-7.12195826112
TDU_consensed_contig_39157|TPR_consensed_contig_53759,0.166715796421,0.0397745072208,0.577902047819,0.573906745398,0.581703300924,-7.33933553782
TDU_consensed_contig_40469|TPR_consensed_contig_96597,0.207128750871,0.039374609976,0.777220886887,0.451926925825,0.460088543829,-7.20575077079
TDU_consensed_contig_40735|TPR_consensed_contig_67032,0.276092106992,0.106355268078,1.44049558407,0.175047925356,0.180729680361,-6.502675547
TDU_consensed_contig_76568|TPR_consensed_contig_2846,-0.159870317265,-0.245151098686,-0.756876650554,0.46357854297,0.471808573272,-7.16219933871
TDU_consensed_contig_33220|TPR_consensed_contig_102682,0.10832341768,0.100297167652,0.595384920834,0.562534753685,0.570461737522,-7.319836323
TDU_consensed_contig_18981|TPR_consensed_contig_64929,0.43093995188,0.14472524706,2.0790234353,0.0594919924713,0.0622207016704,-5.5674632907
TDU_consensed_contig_12865|TPR_consensed_contig_92789,1.17539246435,1.98247326915,1.56297750494,0.143770315948,0.148815403032,-6.48681465754
TDU_consensed_contig_68978|TPR_consensed_contig_103606,-0.131773292708,0.224360975072,-0.439415621006,0.668089978509,0.675008365223,-7.36669400814
TDU_consensed_contig_13451|TPR_consensed_contig_78067,0.903016882884,1.67246616852,1.34793617085,0.202324520576,0.208403909277,-6.72654791923
TDU_consensed_contig_34036|TPR_consensed_contig_10880,0.0721132250747,0.180029605092,0.415482218402,0.685047551525,0.691728281951,-7.40968367631
TDU_consensed_contig_74628|TPR_consensed_contig_78258,-0.208628414773,-0.337429343596,-0.939339713254,0.365893688495,0.373927208899,-6.9966653918
TDU_consensed_contig_49295|TPR_consensed_contig_113975,0.206844653582,0.347952284906,0.940824903839,0.365162100291,0.373292346529,-7.06412109876
TDU_consensed_contig_59560|TPR_consensed_contig_14263,0.397890028593,0.382426184106,1.70469018337,0.113719513352,0.117998967378,-6.15137497934
TDU_consensed_contig_89877|TPR_consensed_contig_95783,-0.401793139937,0.0813301065514,-1.37682585922,0.193456996222,0.199472425634,-6.47593415476
TDU_consensed_contig_29540|TPR_consensed_contig_111416,0.32756561263,0.543927164428,1.18737787766,0.257820714106,0.265002713334,-6.82449486651
TDU_consensed_contig_62685|TPR_consensed_contig_97692,0.258902399302,1.22380681149,1.16796281393,0.265276112951,0.272500173933,-6.835964722
TDU_consensed_contig_83557|TPR_consensed_contig_41424,-0.157929974362,-0.0152929277267,-0.606283013797,0.555508442662,0.563392720409,-7.26951012734
TDU_consensed_contig_16792|TPR_consensed_contig_97025,0.488636461593,0.525691519028,1.80993678302,0.0951453195548,0.0989686886236,-6.00631015797
TDU_consensed_contig_67807|TPR_consensed_contig_60403,0.338894560097,0.647648156907,1.70901629876,0.112896550755,0.117157015802,-6.13438595498
TDU_consensed_contig_33003|TPR_consensed_contig_69394,0.167636293502,0.394601495008,0.940133472699,0.365502563296,0.373565119839,-7.0569876889
TDU_consensed_contig_47310|TPR_consensed_contig_92863,0.0528174494131,1.2744297165,0.182247994305,0.858399763344,0.861882287616,-7.48012997083
TDU_consensed_contig_60083|TPR_consensed_contig_103209,0.408799308745,0.525084681002,1.90963284135,0.0801217309731,0.0835641077381,-5.8378781507
TDU_consensed_contig_14056|TPR_consensed_contig_93116,0.430477406718,0.618310252579,1.88596405848,0.0834785773187,0.0870204565495,-5.87811141455
TDU_consensed_contig_41324|TPR_consensed_contig_62998,-0.0462830292139,0.0826293693704,-0.205695875872,0.840441748826,0.844603587733,-7.46017115806
TDU_consensed_contig_37885|TPR_consensed_contig_100192,-0.123609947809,0.856809703338,-0.390016808524,0.703289062201,0.709371184309,-7.38815713352
TDU_consensed_contig_4920|TPR_consensed_contig_7124,0.00467217840413,-0.187763521372,0.0206285428027,0.983877570022,0.984071533072,-7.49081430649
TDU_consensed_contig_37574|TPR_consensed_contig_98855,-0.436882063597,0.041839564256,-2.12630533074,0.054686429413,0.0572537349622,-5.34965034589
TDU_consensed_contig_4702|TPR_consensed_contig_46960,0.403236333599,0.90846909854,1.85580109999,0.08794216489,0.091598146904,-5.92131726754
TDU_consensed_contig_103796|TPR_consensed_contig_70011,-0.309056720172,-0.354966360206,-1.4413124344,0.174821635407,0.180514412788,-6.4065115161
TDU_consensed_contig_41804|TPR_consensed_contig_51439,-0.189734436937,0.315105179482,-0.807384173273,0.434998870121,0.44321051663,-7.11647636485
TDU_consensed_contig_17149|TPR_consensed_contig_59230,0.0891827086436,0.469600226193,0.424554937373,0.67859750895,0.685351739158,-7.40768278907
TDU_consensed_contig_39267|TPR_consensed_contig_99105,0.244922941412,0.774674242548,1.44331690046,0.174267385777,0.179960427792,-6.49321133012
TDU_consensed_contig_26614|TPR_consensed_contig_105524,-0.333034107905,0.256990679697,-1.36555800569,0.196876657411,0.202915941366,-6.50205239495
TDU_consensed_contig_74649|TPR_consensed_contig_20796,0.4618229378,0.78614634838,2.12550453667,0.0547646994039,0.0573297642476,-5.49621805027
TDU_consensed_contig_56843|TPR_consensed_contig_51291,0.0360674446873,0.398768686474,0.125344727981,0.902305027172,0.904354910185,-7.48697443367
TDU_consensed_contig_28983|TPR_consensed_contig_64186,0.298153020125,0.824773813772,1.59723841334,0.135932781031,0.140789009811,-6.29029502347
TDU_consensed_contig_60250|TPR_consensed_contig_6912,0.0963562780225,0.113385648197,0.510548799956,0.618834596363,0.626178166065,-7.36653339773
TDU_consensed_contig_28692|TPR_consensed_contig_113407,0.268391735302,0.649738206445,1.25250873301,0.234004937079,0.240718582375,-6.73867357111
TDU_consensed_contig_20316|TPR_consensed_contig_92931,0.2764083276,0.274055847339,1.169690556,0.264605938568,0.271894324926,-6.83569634034
TDU_consensed_contig_16457|TPR_consensed_contig_98154,0.313924926112,0.683714828002,1.55686874131,0.145208073571,0.150272954873,-6.34917257403
TDU_consensed_contig_8997|TPR_consensed_contig_14748,-0.043057279408,-0.0933265446236,-0.213699939603,0.834332509548,0.838713292489,-7.45879663771
TDU_consensed_contig_28304|TPR_consensed_contig_99879,0.559722480921,0.776779240897,1.87052578749,0.0857367348243,0.0893377129043,-5.92496853993
TDU_consensed_contig_56949|TPR_consensed_contig_97967,-0.300489216076,0.00944711373899,-1.40799835191,0.184252080091,0.190116519899,-6.45192391797
TDU_consensed_contig_34481|TPR_consensed_contig_47166,0.253858917413,0.29849873467,1.09331990145,0.295500052567,0.303086933529,-6.91749735311
TDU_consensed_contig_37903|TPR_consensed_contig_11614,-0.452280851522,-0.392755637321,-2.119445682,0.0553603103763,0.0579472941395,-5.35856312231
TDU_consensed_contig_38953|TPR_consensed_contig_40741,-0.0139899805196,-0.104331371043,-0.0720036887772,0.943773115605,0.944983797518,-7.48536560937
TDU_consensed_contig_16243|TPR_consensed_contig_111104,0.420214455043,2.5028938245,0.906510406796,0.38232823128,0.390368742483,-7.13031654021
TDU_consensed_contig_28799|TPR_consensed_contig_54286,-0.0647043235501,0.176156630292,-0.193846510265,0.849505801321,0.853374454609,-7.45853574868
TDU_consensed_contig_34001|TPR_consensed_contig_55328,0.208314105135,0.324840990097,1.05015223344,0.314129840873,0.321707256291,-6.95470590267
TDU_consensed_contig_83694|TPR_consensed_contig_102064,0.168342583723,0.151252113579,0.929953694402,0.370540974445,0.378562149385,-7.06713653448
TDU_consensed_contig_83743|TPR_consensed_contig_12003,-0.123623438955,-0.0499678590589,-0.573877067597,0.57654216424,0.584316154668,-7.29440910896
TDU_consensed_contig_67254|TPR_consensed_contig_81046,-0.385970465958,-0.294129466672,-1.55690713028,0.145198999746,0.150272954873,-6.23736364838
TDU_consensed_contig_23771|TPR_consensed_contig_36759,0.142242107021,0.0632359582643,0.805130835306,0.436249065597,0.444439685604,-7.17335862881
TDU_consensed_contig_40529|TPR_consensed_contig_22334,-0.298353358499,-0.0139616115521,-1.26027844126,0.231284741597,0.237944466489,-6.63728952998
TDU_consensed_contig_34860|TPR_consensed_contig_112437,0.440841629299,0.602283468929,2.01424073017,0.0667183198384,0.0696922782994,-5.6747700146
TDU_consensed_contig_82250|TPR_consensed_contig_65554,-0.172618044346,-0.419335975578,-0.921599088166,0.374712208571,0.382669563242,-7.02000028258
TDU_consensed_contig_18814|TPR_consensed_contig_81450,-0.35095149538,-0.205000941442,-1.627822392,0.129252971343,0.133911568329,-6.14195854873
TDU_consensed_contig_73380|TPR_consensed_contig_3024,-0.39309498203,1.28969661324,-2.0134094198,0.0668161366521,0.0697872710869,-5.54199219351
TDU_consensed_contig_8395|TPR_consensed_contig_64171,0.0522516798516,0.481545780663,0.239984732692,0.814351501124,0.819195467622,-7.46788797619
TDU_consensed_contig_40553|TPR_consensed_contig_65792,0.0989464104059,0.304235971948,0.40277239897,0.694126933036,0.700477970116,-7.41976284745
TDU_consensed_contig_8839|TPR_consensed_contig_106014,0.45696256896,0.151418885952,1.98029797003,0.0708219195657,0.0739255239001,-5.7320622948
TDU_consensed_contig_47081|TPR_consensed_contig_121232,0.340824141552,-0.0569182629505,1.36764240988,0.196240329363,0.20228525442,-6.60914133554
TDU_consensed_contig_78467|TPR_consensed_contig_101542,-0.293555078336,0.0746581810695,-1.54991507078,0.146859769851,0.151951267939,-6.26086004765
TDU_consensed_contig_41188|TPR_consensed_contig_12759,-0.0579556569814,-0.0905622301242,-0.204808077623,0.841120052481,0.845201542139,-7.45825813204
TDU_consensed_contig_7299|TPR_consensed_contig_16827,0.238512342542,0.359072822492,1.11567755393,0.286184673428,0.293591738072,-6.89001098272
TDU_consensed_contig_67767|TPR_consensed_contig_106323,0.362748320823,0.337625608046,1.47621228018,0.165381063915,0.170940374407,-6.4685449289
TDU_consensed_contig_8338|TPR_consensed_contig_78138,0.280038425966,1.07587443534,0.849621252163,0.411998346127,0.420155499312,-7.15756533192
TDU_consensed_contig_40660|TPR_consensed_contig_78741,-0.289381221797,0.0137652620365,-1.36340050341,0.197537093006,0.203575958027,-6.51133720679
TDU_consensed_contig_19010|TPR_consensed_contig_101194,-0.12925842737,0.490186138494,-0.618110987059,0.547937630492,0.555881137432,-7.26610025787
TDU_consensed_contig_75431|TPR_consensed_contig_103870,0.152326869592,-0.0623658832631,0.827355564425,0.424020546172,0.432198541638,-7.15553196858
TDU_consensed_contig_79688|TPR_consensed_contig_99537,0.0281915791854,-0.0598772336595,0.122562165044,0.904461931596,0.906427182212,-7.4861140033
TDU_consensed_contig_46634|TPR_consensed_contig_80442,0.28027965041,0.252415799036,1.05277744139,0.31297250572,0.320554357075,-6.96387789317
TDU_consensed_contig_64738|TPR_consensed_contig_110060,0.436169611472,1.3513293122,1.93765074024,0.0763079244697,0.079602807607,-5.79722424151
TDU_consensed_contig_70743|TPR_consensed_contig_25166,0.205469712602,0.172125321612,0.877193620952,0.397429841156,0.405624682982,-7.12189076497
TDU_consensed_contig_75564|TPR_consensed_contig_59808,-0.212934950795,0.0858360525658,-1.14875265483,0.272816516877,0.280019137847,-6.7802121492
TDU_consensed_contig_75444|TPR_consensed_contig_112543,-0.0545953221906,-0.00436468434486,-0.2427814519,0.812233232484,0.817145608766,-7.45009203742
TDU_consensed_contig_34635|TPR_consensed_contig_97615,-0.079694187628,0.0665882763666,-0.411534515062,0.687862225802,0.694501294051,-7.38675124675
TDU_consensed_contig_74241|TPR_consensed_contig_111811,0.31573127423,0.594943734255,1.54571858442,0.147864368519,0.152975096591,-6.36510539945
TDU_consensed_contig_33663|TPR_consensed_contig_49596,-0.251866133584,-0.180509105498,-1.16876844905,0.264963451073,0.272206554423,-6.75108794385
TDU_consensed_contig_13016|TPR_consensed_contig_52835,0.150360186118,0.709314088261,0.767828244649,0.457282982342,0.465494624982,-7.20444037119
TDU_consensed_contig_48951|TPR_consensed_contig_97976,0.0863992772438,0.287560647088,0.38545579614,0.706577087734,0.712616808392,-7.4250534778
TDU_consensed_contig_13823|TPR_consensed_contig_96563,0.402060811846,0.661440178579,2.16739087965,0.0508088755393,0.0532216021572,-5.41466498392
TDU_consensed_contig_41130|TPR_consensed_contig_100623,0.316459297366,0.314819364414,1.34927733566,0.201905582567,0.207993497087,-6.62645694419
TDU_consensed_contig_12133|TPR_consensed_contig_99594,0.461704307156,0.118756927025,1.80580959894,0.0958189597207,0.0996591824811,-6.00846795092
TDU_consensed_contig_18071|TPR_consensed_contig_66429,-0.110212944534,-0.0499434090056,-0.374785059915,0.71429366854,0.720184604002,-7.39679324137
TDU_consensed_contig_31810|TPR_consensed_contig_98014,0.283107376476,0.59851118943,1.77017094408,0.101816945854,0.105821627531,-6.03313753201
TDU_consensed_contig_31899|TPR_consensed_contig_75686,-0.209531411686,0.0250805113097,-0.959965061443,0.355826070467,0.363953868133,-6.97685752333
TDU_consensed_contig_42511|TPR_consensed_contig_111548,0.329520740392,0.475074182679,1.4622115214,0.169115229236,0.174711080335,-6.48257086452
TDU_consensed_contig_7839|TPR_consensed_contig_75603,-0.149133362893,0.254804719586,-0.607616933757,0.554651755487,0.562580104251,-7.26936343453
TDU_consensed_contig_46858|TPR_consensed_contig_60097,0.404468048695,0.647630395548,1.69725502376,0.11514634889,0.119442854445,-6.16302103723
TDU_consensed_contig_16030|TPR_consensed_contig_59934,0.384530817295,1.67349814646,1.16080352697,0.268067179387,0.275283642267,-6.86331081545
TDU_consensed_contig_74843|TPR_consensed_contig_79244,-0.200239793588,0.312312894322,-1.03791887596,0.319564812661,0.327207280936,-6.90120410479
TDU_consensed_contig_82344|TPR_consensed_contig_66396,-0.33238691475,0.311099295625,-1.37860240894,0.192922344599,0.198941364904,-6.4844242115
TDU_consensed_contig_8663|TPR_consensed_contig_74919,0.527966646114,0.453614211368,1.79206706018,0.0980931132359,0.101982665984,-6.04062989662
TDU_consensed_contig_29690|TPR_consensed_contig_50238,-0.0588596886859,0.335576388906,-0.180604424566,0.859661756063,0.862978614837,-7.46421969939
TDU_consensed_contig_34689|TPR_consensed_contig_78695,0.413836704712,0.718774841803,1.79046043569,0.0983621289173,0.102251871952,-6.02369455001
TDU_consensed_contig_44845|TPR_consensed_contig_110850,-0.250483941589,0.0390729345257,-1.37904032312,0.192790742677,0.198825862988,-6.49728701385
TDU_consensed_contig_8764|TPR_consensed_contig_79036,0.130171783272,0.252248284721,0.572863410301,0.577206885774,0.584931416154,-7.33673293742
TDU_consensed_contig_93654|TPR_consensed_contig_6475,0.317923645552,0.332923793745,0.970382574576,0.350816571818,0.358880507535,-7.05282236946
TDU_consensed_contig_16703|TPR_consensed_contig_76970,0.511607667212,0.597774410673,2.05254489633,0.062352740488,0.065199222767,-5.62465242089
TDU_consensed_contig_81371|TPR_consensed_contig_46631,0.460801371938,0.280427770007,2.01595683026,0.0665168132415,0.0694960106869,-5.67516329691
TDU_consensed_contig_44893|TPR_consensed_contig_100069,0.0450482958204,0.498966339417,0.217297543862,0.831590219945,0.836122271283,-7.47291120647
TDU_consensed_contig_83799|TPR_consensed_contig_97826,0.112105396428,0.323615547296,0.480008962742,0.639764405127,0.647098227554,-7.38546490743
TDU_consensed_contig_36362|TPR_consensed_contig_80794,0.209605687768,0.641960764,0.830175638634,0.422485173818,0.430676819241,-7.1635408289
TDU_consensed_contig_70910|TPR_consensed_contig_74905,0.300813898845,0.600060662009,1.51930988714,0.154322945143,0.159591818627,-6.399438669
TDU_consensed_contig_99541|TPR_consensed_contig_93697,0.0221335970101,0.27002468638,0.111843100744,0.912778093465,0.91458075584,-7.48746649922
TDU_consensed_contig_35854|TPR_consensed_contig_101838,-0.160932535288,0.115515416793,-0.717594227785,0.486603928126,0.494597822167,-7.191454837
TDU_consensed_contig_50402|TPR_consensed_contig_101288,0.365296631402,0.736857205309,1.75432798689,0.104589856189,0.108659083726,-6.07052157741
TDU_consensed_contig_36933|TPR_consensed_contig_113111,0.489188088624,1.02756596833,1.67637634036,0.119238146532,0.123611511327,-6.20832499605
TDU_consensed_contig_60075|TPR_consensed_contig_105848,0.142951718941,0.127209585071,0.610798730462,0.552611246601,0.560566461987,-7.31500699086
TDU_consensed_contig_9744|TPR_consensed_contig_66272,-0.203411576164,-0.178182915564,-0.927989685587,0.371518619539,0.379484541219,-7.00852452265
TDU_consensed_contig_17929|TPR_consensed_contig_75270,-0.0388520999568,0.310094630393,-0.161932138432,0.874026558661,0.876878336042,-7.46994440509
TDU_consensed_contig_74448|TPR_consensed_contig_113982,0.0947924935724,0.387940061177,0.346449464714,0.734943161933,0.74056288621,-7.44122057159
TDU_consensed_contig_78448|TPR_consensed_contig_110508,0.0337462393819,0.657267406627,0.14847994216,0.884404910841,0.8869397737,-7.48345927696
TDU_consensed_contig_36074|TPR_consensed_contig_6955,0.337190214626,0.799596937488,1.50215655019,0.158646201511,0.164045960127,-6.43054294976
TDU_consensed_contig_75274|TPR_consensed_contig_113341,0.406769342555,0.163961693164,1.66119929252,0.122292591392,0.126739140522,-6.21688582726
TDU_consensed_contig_37228|TPR_consensed_contig_84634,0.24998361911,1.23452354667,1.36762772704,0.196244805806,0.20228525442,-6.59252781485
TDU_consensed_contig_63794|TPR_consensed_contig_63809,-0.283661217248,-0.27790035877,-1.1768022219,0.261861239016,0.26912853158,-6.73688415914
TDU_consensed_contig_71220|TPR_consensed_contig_27238,0.121225819446,0.222962425988,0.696793559551,0.499074080539,0.506866649508,-7.25294335228
TDU_consensed_contig_87518|TPR_consensed_contig_71520,0.181441691707,0.53603795447,0.94887782708,0.361213262157,0.36933000515,-7.05135353565
TDU_consensed_contig_18682|TPR_consensed_contig_82187,0.287232114945,0.578830394352,1.53960952357,0.14933738974,0.154483280017,-6.36961358427
TDU_consensed_contig_68649|TPR_consensed_contig_15539,0.2029697778,0.384435592361,1.20400890819,0.251565500377,0.258678063673,-6.7850853316
TDU_consensed_contig_79991|TPR_consensed_contig_64042,0.391058874711,0.587538049005,2.044169476,0.063283972932,0.0661525160545,-5.61762892241
TDU_consensed_contig_63550|TPR_consensed_contig_61904,-0.219519204813,-0.260194740875,-1.00772191785,0.33327647013,0.341212424822,-6.92921596715
TDU_consensed_contig_25057|TPR_consensed_contig_76862,-0.199085393807,0.322570072533,-0.882601133681,0.394614173038,0.402831993342,-7.05128630512
TDU_consensed_contig_75271|TPR_consensed_contig_104433,0.359351214351,0.601222447859,1.73076012669,0.108839790885,0.113016512292,-6.10516443168
TDU_consensed_contig_40246|TPR_consensed_contig_11308,0.128492704366,0.505384459497,0.420419852133,0.681534000204,0.688248955023,-7.41619793644
TDU_consensed_contig_61227|TPR_consensed_contig_74756,-0.308805272473,-0.131604176838,-1.35400285859,0.200435153229,0.206541637028,-6.51895288753
TDU_consensed_contig_32696|TPR_consensed_contig_112166,-0.276970626898,1.39197834463,-1.52318861793,0.153359459621,0.158627771333,-6.30095183229
TDU_consensed_contig_75627|TPR_consensed_contig_12185,0.42137223786,0.848880026136,2.01317124026,0.0668441867298,0.0698093827447,-5.67357135071
TDU_consensed_contig_73752|TPR_consensed_contig_113998,0.222791537375,0.264398553121,1.0771070078,0.302397147251,0.310067082978,-6.92914021871
TDU_consensed_contig_16006|TPR_consensed_contig_51687,0.246338646689,0.690087512552,0.744334184941,0.47085515174,0.478974157865,-7.23828718981
TDU_consensed_contig_31977|TPR_consensed_contig_64219,0.25125100914,0.478256712818,0.815192445855,0.430684757796,0.438903107096,-7.18129636276
TDU_consensed_contig_34712|TPR_consensed_contig_93361,-0.0338855743301,0.688592773174,-0.134867478803,0.894929725328,0.897228724721,-7.47395393566
TDU_consensed_contig_66246|TPR_consensed_contig_56632,-0.00748186721531,0.237943254683,-0.036489967686,0.971485585791,0.971868701471,-7.48798495898
TDU_consensed_contig_59785|TPR_consensed_contig_49132,-0.0819633086436,0.182463585723,-0.356346226213,0.727705327348,0.733415371137,-7.40985635419
TDU_consensed_contig_78370|TPR_consensed_contig_99347,0.25243388088,0.468042479183,1.09014467335,0.296841396877,0.304431944018,-6.91954133361
TDU_consensed_contig_61507|TPR_consensed_contig_82610,-0.1472405847,-0.132318738242,-0.751562346652,0.46665302491,0.474794770255,-7.1685622545
TDU_consensed_contig_34339|TPR_consensed_contig_114975,-0.362652489671,-0.308442427641,-1.72947667459,0.109075592661,0.113249773737,-5.99054975119
TDU_consensed_contig_4047|TPR_consensed_contig_109809,0.192390076151,0.186989117085,1.05642646906,0.311369076698,0.319008685506,-6.94582791239
TDU_consensed_contig_82710|TPR_consensed_contig_15008,0.39574732919,0.396227433116,2.07705280303,0.0597006080386,0.0624324507644,-5.56449441862
TDU_consensed_contig_17058|TPR_consensed_contig_82663,0.184172791267,0.594039581812,0.976648820166,0.347827684553,0.35593056829,-7.02517293906
TDU_consensed_contig_35325|TPR_consensed_contig_81840,0.0459946842086,-0.00975816213381,0.255925417566,0.802298852239,0.807311231027,-7.46251846952
TDU_consensed_contig_35764|TPR_consensed_contig_55814,0.150894630873,-0.0314524464229,0.668251981171,0.516492925615,0.524400011628,-7.2782738102
TDU_consensed_contig_89432|TPR_consensed_contig_107908,0.0214384115456,0.00900716744783,0.0903700054516,0.929468970826,0.93112070757,-7.48930724756
TDU_consensed_contig_8545|TPR_consensed_contig_78283,0.00110246935402,0.200374631471,0.00408398867643,0.996807885127,0.996906131518,-7.49063600437
TDU_consensed_contig_31831|TPR_consensed_contig_99693,0.215503821787,0.374737162378,0.928372635112,0.371327853304,0.379327869473,-7.07754002149
TDU_consensed_contig_31344|TPR_consensed_contig_49977,0.0994371360855,1.02719058514,0.392452194224,0.701535951653,0.707743617163,-7.42476510155
TDU_consensed_contig_17060|TPR_consensed_contig_97637,0.287252713547,0.285043540695,1.06337724261,0.308331732195,0.315960622761,-6.95442392007
TDU_consensed_contig_34923|TPR_consensed_contig_111708,0.297118536172,0.820018104436,1.07283642475,0.304233834828,0.311887322894,-6.94546179348
TDU_consensed_contig_34585|TPR_consensed_contig_53932,-0.32636948101,-0.182937670516,-1.40499937795,0.185121489801,0.190994179666,-6.45104815669
TDU_consensed_contig_93051|TPR_consensed_contig_36173,0.375319097866,0.333807853566,1.84889373182,0.088994385633,0.0926845972511,-5.92784088241
TDU_consensed_contig_67825|TPR_consensed_contig_8159,0.458002297062,0.588440099841,1.58804033467,0.137999638492,0.142900533909,-6.32935240642
TDU_consensed_contig_29859|TPR_consensed_contig_79184,0.116619847573,0.174043144906,0.516655167866,0.61469042518,0.622170947063,-7.36717507882
TDU_consensed_contig_11216|TPR_consensed_contig_80920,0.337453093167,0.0736737912136,1.2839679324,0.223147109842,0.229619077535,-6.71171728113
TDU_consensed_contig_14294|TPR_consensed_contig_61641,-0.0659117046898,0.0193274864925,-0.301228483917,0.768343886546,0.773681196465,-7.43130751915
TDU_consensed_contig_33017|TPR_consensed_contig_81891,0.183476659026,0.498107561859,0.858218658621,0.407417769294,0.41560954107,-7.1343474398
TDU_consensed_contig_82233|TPR_consensed_contig_65154,-0.0177965236132,0.290249517832,-0.0741941564567,0.942065947428,0.943460636454,-7.48396018044
TDU_consensed_contig_8953|TPR_consensed_contig_81234,-0.209073962554,-0.134346262535,-0.857032513665,0.40804768839,0.41621028288,-7.07213766353
TDU_consensed_contig_82881|TPR_consensed_contig_100283,-0.483180356989,0.0534435504629,-1.8640328088,0.0867029648522,0.0903259737531,-5.76672142062
TDU_consensed_contig_105115|TPR_consensed_contig_69879,-0.290650160344,-0.12025105567,-1.29679346799,0.218838601871,0.225208447584,-6.59490357683
TDU_consensed_contig_13750|TPR_consensed_contig_100280,0.221145966807,0.251554910876,0.751473608096,0.466704470901,0.474799505337,-7.22835701644
TDU_consensed_contig_62585|TPR_consensed_contig_39919,0.366030361752,0.343415784639,1.66741918762,0.121032571726,0.12544611903,-6.20062599391
TDU_consensed_contig_46719|TPR_consensed_contig_112719,0.35008026942,0.560945204539,1.45936826815,0.169882204806,0.175485567766,-6.48942181397
TDU_consensed_contig_60206|TPR_consensed_contig_10793,0.563251136105,0.55952437899,2.04959445212,0.0626793247014,0.0655272107711,-5.63804342046
TDU_consensed_contig_50502|TPR_consensed_contig_113858,-0.124406233827,-0.217553749517,-0.583498771173,0.570252928537,0.5781731081,-7.2887642384
TDU_consensed_contig_42707|TPR_consensed_contig_100637,-0.0602456911313,-0.164949349457,-0.214320417508,0.833859384223,0.838320734342,-7.45509142908
TDU_consensed_contig_36555|TPR_consensed_contig_116805,0.293546758951,0.519831352964,1.16888861015,0.264916841849,0.27218622866,-6.8404341241
TDU_consensed_contig_61739|TPR_consensed_contig_14279,-0.239005550541,-0.0558204202516,-1.12973293998,0.280443929209,0.287731501485,-6.79694939795
TDU_consensed_contig_76493|TPR_consensed_contig_34698,-0.040319908973,0.441144692678,-0.219099887048,0.830217242465,0.834907270494,-7.45738599066
TDU_consensed_contig_28732|TPR_consensed_contig_50059,-0.14586747336,0.483496518189,-0.54593922063,0.595010420506,0.602672263612,-7.30677437937
TDU_consensed_contig_36697|TPR_consensed_contig_93327,0.562777202721,0.5356352647,2.095463097,0.057778005243,0.0604530232213,-5.56132860068
TDU_consensed_contig_17953|TPR_consensed_contig_60020,0.278381653609,0.574596040235,1.06772177296,0.306444512515,0.314090148333,-6.94836519031
TDU_consensed_contig_21530|TPR_consensed_contig_19519,0.140431767957,0.413600853505,0.753596234526,0.465474855705,0.473643537991,-7.21352828618
TDU_consensed_contig_75540|TPR_consensed_contig_13387,0.418315548233,0.40901654398,2.11068942967,0.0562318293686,0.0588534680354,-5.51204241657
TDU_consensed_contig_33966|TPR_consensed_contig_74041,0.220042490362,1.40305871887,0.816360217315,0.43004197096,0.438292073054,-7.17620670311
TDU_consensed_contig_9074|TPR_consensed_contig_66580,0.142985153984,0.347935970002,0.741249803656,0.472655420138,0.480709085711,-7.22417182401
TDU_consensed_contig_34950|TPR_consensed_contig_100761,0.350564564708,0.648412424286,1.87159717526,0.0855782448761,0.0891817244283,-5.888613312
TDU_consensed_contig_14422|TPR_consensed_contig_74946,0.634403243196,1.28992484055,1.76087529043,0.103435823092,0.107471154712,-6.1053027202
TDU_consensed_contig_8741|TPR_consensed_contig_114824,0.466834165343,0.592892879051,1.6912445381,0.116311353158,0.120626666036,-6.18178528269
TDU_consensed_contig_35811|TPR_consensed_contig_96935,0.330674620654,0.26013515052,1.88728941689,0.083287266166,0.0868299486064,-5.85996128376
TDU_consensed_contig_42921|TPR_consensed_contig_109540,0.0233506977948,0.362574872435,0.104656903432,0.918359457496,0.920082288232,-7.48830695266
TDU_consensed_contig_41276|TPR_consensed_contig_34919,-0.0988654661231,-0.171263326999,-0.445248246944,0.663985713518,0.671062055286,-7.36807300293
TDU_consensed_contig_67558|TPR_consensed_contig_108811,-0.172607137484,-0.0672590638993,-0.925687340917,0.372666976665,0.380619206061,-7.01619465637
TDU_consensed_contig_17859|TPR_consensed_contig_64742,-0.12799688335,0.385802808851,-0.666535160558,0.517551934902,0.525422659675,-7.23412873864
TDU_consensed_contig_77474|TPR_consensed_contig_80995,-0.0792200673021,0.154413338827,-0.405773672021,0.691978408311,0.698379243001,-7.38955143099
TDU_consensed_contig_35034|TPR_consensed_contig_102450,0.089997770788,-0.0436336796106,0.449498963019,0.661001731768,0.668179375598,-7.3972054304
TDU_consensed_contig_34780|TPR_consensed_contig_102249,0.343273817806,0.361092429581,1.73439067382,0.108175227465,0.112337942185,-6.09725168241
TDU_consensed_contig_86211|TPR_consensed_contig_102087,-0.40771324514,-0.193783937895,-1.92786429077,0.0776207230547,0.0809639676024,-5.67750336906
TDU_consensed_contig_7528|TPR_consensed_contig_10987,0.0165931805477,-0.170556457477,0.0656050420007,0.948761616759,0.949791251505,-7.4907786206
TDU_consensed_contig_17477|TPR_consensed_contig_13362,-0.110188136216,-0.136262678645,-0.447569842727,0.662355215722,0.669480862031,-7.36494903459
TDU_consensed_contig_100649|TPR_consensed_contig_58756,0.151877868842,-0.0412555715037,0.759414719788,0.462114693939,0.470365914274,-7.21139911615
TDU_consensed_contig_57181|TPR_consensed_contig_12827,0.0921549482795,0.185263187758,0.459229026858,0.654194172845,0.661495592612,-7.39210699957
TDU_consensed_contig_29277|TPR_consensed_contig_95921,-0.185388856185,0.652578155812,-0.784007029612,0.448082183027,0.456265921844,-7.13632670755
TDU_consensed_contig_57468|TPR_consensed_contig_65972,0.446239540458,0.363647655748,2.10979451665,0.0563216216912,0.0589413670896,-5.51817193212
TDU_consensed_contig_17110|TPR_consensed_contig_60015,0.337693293745,0.408752563534,1.47650629035,0.165303403014,0.170877509208,-6.46560493708
TDU_consensed_contig_39576|TPR_consensed_contig_22215,0.38717134815,0.423660337082,2.09817285598,0.0574999603415,0.0601683095375,-5.52793977073
TDU_consensed_contig_36784|TPR_consensed_contig_65775,0.407902326411,0.0628624570001,2.13789409026,0.0535654327927,0.0560974761634,-5.46518689854
TDU_consensed_contig_12109|TPR_consensed_contig_16921,0.453660407811,0.889350231488,2.18442679534,0.0492782948405,0.0516396630947,-5.39388351186
TDU_consensed_contig_13766|TPR_consensed_contig_111157,0.274174598197,0.261130254875,1.15923528161,0.268681590696,0.275886672818,-6.84725801938
TDU_consensed_contig_64500|TPR_consensed_contig_61869,1.70690156423,3.36811580418,1.95960921311,0.0734362105401,0.0766386123984,-5.98637066202
TDU_consensed_contig_58369|TPR_consensed_contig_105272,0.0493389265906,0.266510084487,0.183718833331,0.857270745396,0.860833869721,-7.48041818799
TDU_consensed_contig_46389|TPR_consensed_contig_78398,-0.30406180197,1.16594869011,-1.5796275862,0.139913864603,0.144853176627,-6.21740292091
TDU_consensed_contig_2798|TPR_consensed_contig_49978,-0.0975616456623,-0.101646851421,-0.516662601392,0.614685388717,0.622170947063,-7.33234010367
TDU_consensed_contig_57254|TPR_consensed_contig_82504,-0.507234723474,-0.460191874133,-2.12872228045,0.0544508318698,0.0570129595483,-5.33379550096
TDU_consensed_contig_35376|TPR_consensed_contig_102333,0.336419249617,0.0137812042162,1.83995916517,0.0903723521761,0.0941003855855,-5.93453751372
TDU_consensed_contig_35139|TPR_consensed_contig_98701,-0.334820126237,-0.211721428299,-1.48376633736,0.163395498398,0.168922478069,-6.34563092456
TDU_consensed_contig_17588|TPR_consensed_contig_108982,-0.209202913184,0.268434175408,-0.850371594894,0.411597206777,0.419788607615,-7.07738070604
TDU_consensed_contig_24784|TPR_consensed_contig_17542,0.0925195644568,0.24484207133,0.444080915575,0.664806230025,0.671824401559,-7.39990729727
TDU_consensed_contig_57925|TPR_consensed_contig_40058,0.481348508125,0.876569289883,1.79909012239,0.0969249161285,0.100788801389,-6.02081561026
TDU_consensed_contig_38683|TPR_consensed_contig_103561,0.188545610622,0.486520071128,0.704430610123,0.494473470164,0.502422360327,-7.25825276445
TDU_consensed_contig_102210|TPR_consensed_contig_67739,0.167339759645,0.315104308389,0.815002282172,0.430789490773,0.438965752448,-7.1693520551
TDU_consensed_contig_64343|TPR_consensed_contig_98097,0.189626282273,0.795582076395,0.642263636306,0.532658418408,0.540488497159,-7.30197361641
TDU_consensed_contig_38441|TPR_consensed_contig_110402,0.0129913822317,0.0225827079815,0.071325428746,0.944301785468,0.94541985369,-7.48940721346
TDU_consensed_contig_67941|TPR_consensed_contig_60459,0.438557120367,0.650942384559,1.79419833312,0.0977372710125,0.101623126239,-6.02264021542
TDU_consensed_contig_35498|TPR_consensed_contig_36533,0.0691766498768,0.304396195454,0.356551960049,0.727555154635,0.733336858457,-7.43408977374
TDU_consensed_contig_30112|TPR_consensed_contig_97299,0.191882490299,1.05157385691,0.683177597488,0.50733973723,0.515158242137,-7.27478553567
TDU_consensed_contig_35127|TPR_consensed_contig_99970,0.0476067677295,0.436850660487,0.203235565442,0.842321823693,0.846325333697,-7.47561501422
TDU_consensed_contig_56550|TPR_consensed_contig_115111,0.20068015643,0.375488953591,0.846748811413,0.413536391387,0.421639244715,-7.14669751383
TDU_consensed_contig_39942|TPR_consensed_contig_101757,-0.333034107905,0.0143018519723,-1.64420852871,0.125793570934,0.130340790796,-6.12152022501
TDU_consensed_contig_28758|TPR_consensed_contig_24218,0.400712669085,0.536340300037,2.00413468497,0.067916504335,0.0709146706614,-5.68471449619
TDU_consensed_contig_102011|TPR_consensed_contig_34697,0.112390794469,0.170146614289,0.45545412615,0.656831445661,0.664029957071,-7.39736573536
TDU_consensed_contig_73942|TPR_consensed_contig_96913,-0.101044725036,0.361271340919,-0.514440323346,0.616191968092,0.623566360849,-7.3322215659
TDU_consensed_contig_2868|TPR_consensed_contig_98720,0.188146612719,0.317530722715,1.05420080936,0.312346331964,0.319977610342,-6.94705808121
TDU_consensed_contig_47127|TPR_consensed_contig_111716,0.134094761873,0.456705011826,0.579620549696,0.572783492636,0.58062278719,-7.3340515659
TDU_consensed_contig_30172|TPR_consensed_contig_79176,0.0324944147777,0.36638088624,0.119305198268,0.906987579397,0.908868553045,-7.48859344113
TDU_consensed_contig_69185|TPR_consensed_contig_103820,0.0447772049338,0.369700833626,0.171251358328,0.866850975958,0.869937380383,-7.48135781558
TDU_consensed_contig_63942|TPR_consensed_contig_52638,0.114036223608,0.0151878182249,0.500590311575,0.625622430796,0.63292031957,-7.37486130354
TDU_consensed_contig_18045|TPR_consensed_contig_107202,0.136560675638,0.185480040647,0.583215945865,0.570437270548,0.578302226422,-7.3312124153
TDU_consensed_contig_74291|TPR_consensed_contig_95849,0.0350992727287,0.367739910108,0.166748209685,0.870316793063,0.873329163292,-7.48065390382
TDU_consensed_contig_13664|TPR_consensed_contig_46885,0.0168858111271,-0.018573487542,0.0738176583546,0.94235935478,0.943661341454,-7.48969510067
TDU_consensed_contig_73834|TPR_consensed_contig_79419,-0.0503243855129,0.537570850486,-0.218319955127,0.830811302552,0.835421889505,-7.45723120889
TDU_consensed_contig_60172|TPR_consensed_contig_51446,0.0381424550602,0.507231025888,0.173552282494,0.865081194701,0.8682471694,-7.47956091713
TDU_consensed_contig_4697|TPR_consensed_contig_54878,0.159244079837,0.207326174508,0.704217066173,0.494601762194,0.502475378553,-7.25467263982
TDU_consensed_contig_4751|TPR_consensed_contig_98057,-0.210817761337,0.432766945311,-0.875361271722,0.398387028993,0.406519829363,-7.05529864984
TDU_consensed_contig_17010|TPR_consensed_contig_74255,0.299073628835,0.624401912573,1.47424535827,0.165901409826,0.171443283991,-6.46003680268
TDU_consensed_contig_5740|TPR_consensed_contig_34912,0.0841192036673,0.0544583763271,0.441314194493,0.666752764866,0.67372438808,-7.39926809275
TDU_consensed_contig_50271|TPR_consensed_contig_93611,-0.0677047502968,0.0832909195135,-0.289215088289,0.777302591791,0.782624469032,-7.43427905065
TDU_consensed_contig_74606|TPR_consensed_contig_47117,0.0113977381145,0.478074109433,0.049311167864,0.961474338749,0.962327886692,-7.49027416073
TDU_consensed_contig_8080|TPR_consensed_contig_9829,-0.0472821545839,0.0962727781208,-0.188070519947,0.853932323049,0.857651319605,-7.4635443181
TDU_consensed_contig_41912|TPR_consensed_contig_67143,0.173057398728,0.334321462644,0.704386347592,0.494500060371,0.502422360327,-7.25570101324
TDU_consensed_contig_40961|TPR_consensed_contig_75602,0.302987366618,0.302450922928,1.47541119453,0.165592822545,0.171141818127,-6.45972154609
TDU_consensed_contig_26439|TPR_consensed_contig_30582,0.222484280571,0.110786595676,1.06025076731,0.309695194341,0.317325773703,-6.9472168072
TDU_consensed_contig_36086|TPR_consensed_contig_99774,0.309531605183,0.238521155081,1.46391955114,0.168655891953,0.174254285271,-6.47596689499
TDU_consensed_contig_80514|TPR_consensed_contig_60192,0.150518755985,0.0031253494737,0.706002956684,0.493529460468,0.50153664851,-7.25226501943
TDU_consensed_contig_80730|TPR_consensed_contig_55173,0.309519106519,0.00209328770944,1.67028498148,0.120455881657,0.124861153455,-6.1865264501
TDU_consensed_contig_68451|TPR_consensed_contig_22240,0.067381096115,0.312266464506,0.262701994107,0.797190951924,0.802250975818,-7.46383737483
TDU_consensed_contig_99435|TPR_consensed_contig_113879,0.307486781322,-0.00450251427668,1.23332540093,0.240830476837,0.247689727191,-6.76757433588
TDU_consensed_contig_55372|TPR_consensed_contig_59242,0.281481173574,0.24745824608,1.24973575852,0.234981929045,0.24169910127,-6.74378093554
TDU_consensed_contig_42345|TPR_consensed_contig_16478,0.223610524853,0.169744835401,0.8024899576,0.437717244588,0.445890661664,-7.18988693197
TDU_consensed_contig_71551|TPR_consensed_contig_7342,-0.106058515265,0.195862777915,-0.437620629141,0.669355330691,0.676219488304,-7.36976956626
TDU_consensed_contig_37863|TPR_consensed_contig_80618,0.117357965057,0.21824915747,0.503025855695,0.623958989504,0.631300415445,-7.37346315412
TDU_consensed_contig_8777|TPR_consensed_contig_53327,0.339487265785,0.741583830499,1.58683206301,0.138273161652,0.143169160335,-6.31156458465
TDU_consensed_contig_37115|TPR_consensed_contig_98992,0.178042052691,0.209767079553,0.877226515733,0.397412671783,0.405624682982,-7.11661199958
TDU_consensed_contig_99904|TPR_consensed_contig_36650,-0.374916572831,0.0865195475876,-2.01189608055,0.0669945462592,0.0699592117826,-5.54719041329
TDU_consensed_contig_47228|TPR_consensed_contig_96695,0.459317572732,0.539241222243,1.83166353261,0.0916690535013,0.0954212029008,-5.96828098894
TDU_consensed_contig_63370|TPR_consensed_contig_17535,0.0303654377403,-0.163919728478,0.139874377773,0.891055977183,0.893433300442,-7.48492057265
TDU_consensed_contig_63618|TPR_consensed_contig_9346,0.121629068901,0.0826778657087,0.564968128552,0.582398234696,0.59007437718,-7.34003415296
TDU_consensed_contig_10602|TPR_consensed_contig_20642,0.34246518218,0.392732062232,1.72358835391,0.110163263623,0.114332273293,-6.11352814879
TDU_consensed_contig_20823|TPR_consensed_contig_66779,-0.0739997273702,0.986000521887,-0.285154589489,0.780338255615,0.785602964553,-7.43353402986
TDU_consensed_contig_69084|TPR_consensed_contig_21396,-0.0347123840784,0.211394790498,-0.162157606683,0.873852812545,0.876790713823,-7.47058607921
TDU_consensed_contig_35227|TPR_consensed_contig_91639,-0.191470105023,-0.00470913969793,-0.719563476954,0.485433253095,0.493457345137,-7.18491826293
TDU_consensed_contig_20050|TPR_consensed_contig_103089,0.0275170662403,-0.0830260295576,0.140362926797,0.890678150836,0.89314272127,-7.48369395146
TDU_consensed_contig_94589|TPR_consensed_contig_62785,0.355911417035,0.22918328788,1.5193377022,0.154316017413,0.159591818627,-6.40901758294
TDU_consensed_contig_7901|TPR_consensed_contig_120816,-0.0485247752558,-0.0282672601888,-0.199362987342,0.845283149844,0.84921664569,-7.46040790294
TDU_consensed_contig_74932|TPR_consensed_contig_60388,-0.449077120114,-0.338795069908,-1.89001640983,0.0828948909894,0.0864386454495,-5.73091266914
TDU_consensed_contig_63336|TPR_consensed_contig_51146,-0.468775283051,0.347124052588,-1.5516157967,0.146454309813,0.151547203923,-6.232068967
TDU_consensed_contig_34785|TPR_consensed_contig_95996,0.293190441745,0.566346859385,1.15243947377,0.271356669015,0.278577106485,-6.85738063886
TDU_consensed_contig_37624|TPR_consensed_contig_16787,0.379278133581,0.471827937472,1.98834824295,0.0698280808154,0.0728956312793,-5.70743128406
TDU_consensed_contig_42665|TPR_consensed_contig_57110,0.0540994094433,0.400045367323,0.184369418134,0.856771460541,0.860417657375,-7.47964606032
TDU_consensed_contig_7326|TPR_consensed_contig_80829,-0.32636948101,-0.342941153351,-1.45533494433,0.1709752432,0.176578706641,-6.3846378802
TDU_consensed_contig_46988|TPR_consensed_contig_110892,0.603826667006,1.06620177661,2.04967165233,0.0626707591732,0.0655250070408,-5.64423877257
TDU_consensed_contig_37757|TPR_consensed_contig_51184,-0.0900208529143,0.243060383465,-0.30504711233,0.765503457759,0.770897537305,-7.42600866179
TDU_consensed_contig_82240|TPR_consensed_contig_102445,0.323988212769,0.164110684498,1.30135338675,0.217323094207,0.223671512011,-6.68800210903
TDU_consensed_contig_34365|TPR_consensed_contig_49942,-0.0792341248162,0.681422928122,-0.396456680235,0.698657221309,0.704909498322,-7.39353118444
TDU_consensed_contig_7383|TPR_consensed_contig_99716,-0.493351688783,-0.235898322127,-2.01908110147,0.0661514055798,0.0691214408833,-5.51740657727
TDU_consensed_contig_12687|TPR_consensed_contig_78876,-0.243095262046,1.86489557274,-0.47245717928,0.64499108704,0.652319800677,-7.33079346297
TDU_consensed_contig_48097|TPR_consensed_contig_15487,-0.454019179494,-0.266651731145,-1.72430914388,0.110029605214,0.114205237736,-5.98454358737
TDU_consensed_contig_74966|TPR_consensed_contig_99075,-0.0834266753863,0.215880130584,-0.398637111061,0.697091810469,0.703400019971,-7.39100675101
TDU_consensed_contig_48575|TPR_consensed_contig_50045,0.505375344081,0.292382928566,1.83822739869,0.0906416668271,0.0943614438591,-5.96503878996
TDU_consensed_contig_35239|TPR_consensed_contig_100597,0.222547109556,0.366277328033,0.832041995199,0.421471069294,0.429686219243,-7.16306792443
TDU_consensed_contig_4533|TPR_consensed_contig_82386,0.120260902263,-0.0639706277877,0.526697097727,0.607905442476,0.615487579805,-7.36215439486
TDU_consensed_contig_29745|TPR_consensed_contig_79101,-0.00066688922871,-0.0648879117009,-0.00263581263502,0.997939800486,0.997939800486,-7.4909214295
TDU_consensed_contig_18126|TPR_consensed_contig_70928,0.297165163258,0.517639752524,1.17637839526,0.262024188516,0.269268730086,-6.83175689312
TDU_consensed_contig_32961|TPR_consensed_contig_89149,-0.39309498203,0.028520995081,-1.74361304626,0.106503332594,0.110613031303,-5.96468563706
TDU_consensed_contig_56981|TPR_consensed_contig_102081,0.314839770383,0.219714076961,1.42955367405,0.178102943085,0.183865150421,-6.52419526846
TDU_consensed_contig_35806|TPR_consensed_contig_104919,-0.0918843665325,0.0841488763247,-0.405904205524,0.691885026396,0.698354457658,-7.38731419749
TDU_consensed_contig_3131|TPR_consensed_contig_76239,0.0271988074441,0.198230407785,0.129059588516,0.899426722507,0.901559118174,-7.48513809508
TDU_consensed_contig_34331|TPR_consensed_contig_49923,0.130658455604,0.143606849891,0.661184808346,0.520860378562,0.528728517534,-7.27950131786
TDU_consensed_contig_19023|TPR_consensed_contig_25579,0.367260227489,0.297335000594,1.69767429041,0.115065469932,0.119371160761,-6.15567084464
TDU_consensed_contig_23373|TPR_consensed_contig_100906,-0.347599107419,-0.326515015479,-1.45633635033,0.170703307846,0.176315804633,-6.3802034002
TDU_consensed_contig_73875|TPR_consensed_contig_39750,-0.10481928275,0.692220097747,-0.390840498298,0.702695929964,0.708843384168,-7.39222888545
TDU_consensed_contig_75571|TPR_consensed_contig_18962,0.467291605095,0.34099717199,2.08029786505,0.0593574411663,0.0620863782614,-5.57071588935
TDU_consensed_contig_28956|TPR_consensed_contig_48761,0.0494775011538,0.602982127055,0.209245932849,0.837730742909,0.842016184676,-7.47475747468
TDU_consensed_contig_29392|TPR_consensed_contig_95933,-0.421386940863,0.11661106725,-2.19701436099,0.0481754509784,0.0504996178799,-5.23308248082
TDU_consensed_contig_10604|TPR_consensed_contig_7177,-0.0683703229747,-0.324691978463,-0.318757686373,0.755334606448,0.760959119502,-7.42405269604
TDU_consensed_contig_34512|TPR_consensed_contig_78731,-0.245241113417,0.337904883208,-1.19742138178,0.254028780002,0.26115805782,-6.71921102943
TDU_consensed_contig_18345|TPR_consensed_contig_102925,-0.0958740353008,-0.285662422359,-0.557171985643,0.587548419711,0.595173586384,-7.30909675869
TDU_consensed_contig_19051|TPR_consensed_contig_75782,0.225111259424,0.388709971503,0.953965050832,0.358734298021,0.366832300919,-7.05413744656
TDU_consensed_contig_34963|TPR_consensed_contig_61648,-0.038956460399,0.229301433311,-0.17749559824,0.862049929404,0.865290398027,-7.46680610843
TDU_consensed_contig_81818|TPR_consensed_contig_46899,-0.297544456533,0.0944957103846,-1.20997425011,0.249351112293,0.256427053455,-6.69693021108
TDU_consensed_contig_60670|TPR_consensed_contig_106746,0.0865347153643,-0.0757450231989,0.457943352734,0.655091843869,0.662337279766,-7.39266927282
TDU_consensed_contig_28657|TPR_consensed_contig_28715,-0.292613193266,0.0635926639685,-1.3315205258,0.207510283414,0.213680418693,-6.55047781246
TDU_consensed_contig_8789|TPR_consensed_contig_10796,0.297771794418,0.408135615666,1.85718846541,0.0877321902897,0.0913888240293,-5.90201615385
TDU_consensed_contig_83705|TPR_consensed_contig_17236,0.0513987204569,-0.0079874221555,0.188691019087,0.853456542032,0.857258318352,-7.47939022544
TDU_consensed_contig_19420|TPR_consensed_contig_59560,-0.277678977424,0.283374300154,-1.04610447248,0.315920528234,0.323508487233,-6.88066465727
TDU_consensed_contig_80841|TPR_consensed_contig_13015,0.222438621251,0.601769954098,0.959920367219,0.355847671799,0.363953868133,-7.04686847556
TDU_consensed_contig_33043|TPR_consensed_contig_61764,0.208561105818,0.372789970723,0.799831254108,0.43919856791,0.447354734851,-7.18804293667
TDU_consensed_contig_31699|TPR_consensed_contig_78418,0.512086906433,0.76984599869,2.08653487817,0.0587030421137,0.0614082235389,-5.56822015937
TDU_consensed_contig_31859|TPR_consensed_contig_50524,0.382337664215,0.91080626954,1.95141223443,0.0744963726283,0.0777290172812,-5.76633896508
TDU_consensed_contig_16619|TPR_consensed_contig_49352,-0.0211421608497,0.122437847716,-0.0870960836302,0.932017051967,0.933581147711,-7.48228899412
TDU_consensed_contig_36288|TPR_consensed_contig_78054,0.173764075132,0.101535631548,0.893896048875,0.388776952965,0.396913144354,-7.10093643231
TDU_consensed_contig_94791|TPR_consensed_contig_59920,0.322330341828,0.820941400912,1.33152229303,0.207509719343,0.213680418693,-6.65015833497
TDU_consensed_contig_48145|TPR_consensed_contig_112778,0.198272821759,0.73800374611,0.846878064648,0.413467100616,0.421610960703,-7.14606656382
TDU_consensed_contig_35514|TPR_consensed_contig_100435,-0.175174431142,0.111011265315,-0.7036198198,0.494960679871,0.502789670502,-7.20030046389
TDU_consensed_contig_37000|TPR_consensed_contig_99074,0.328342050569,0.390111433077,1.99480258737,0.0690405910499,0.0720809627928,-5.68772395012
TDU_consensed_contig_77327|TPR_consensed_contig_98050,0.00940316350697,0.24330436481,0.0387807175977,0.969696463835,0.970174523618,-7.49011920537
TDU_consensed_contig_13864|TPR_consensed_contig_101602,0.193603993773,0.123378356937,0.937885721827,0.36661090669,0.374622444127,-7.0646870661
TDU_consensed_contig_18169|TPR_consensed_contig_23911,0.171157888807,0.0707255762252,1.00120984012,0.336288825773,0.344192325511,-6.99875275049
TDU_consensed_contig_75189|TPR_consensed_contig_81823,0.111317180792,0.376523280209,0.354125704528,0.729326917452,0.734976684019,-7.44000733346
TDU_consensed_contig_32908|TPR_consensed_contig_64707,0.363454454996,0.217380280655,1.81322372899,0.0946118822912,0.0984440904029,-5.98087617137
TDU_consensed_contig_39556|TPR_consensed_contig_9190,0.505079467959,0.950555112653,2.13850465525,0.0535069748235,0.0560420389693,-5.48136166869
TDU_consensed_contig_30755|TPR_consensed_contig_21483,0.545516517578,0.612360938074,2.17026967425,0.0505471222254,0.0529583530429,-5.43430798978
TDU_consensed_contig_9536|TPR_consensed_contig_102827,0.349237528089,0.345230836597,1.96495156097,0.0727527496992,0.0759331568811,-5.73912628751
TDU_consensed_contig_29412|TPR_consensed_contig_89852,0.262850237958,0.457898641318,1.31944364883,0.21139439745,0.217613772033,-6.65561589619
TDU_consensed_contig_31638|TPR_consensed_contig_111166,0.271699537724,0.86121455608,0.930980715894,0.370030461014,0.378078651486,-7.08188231834
TDU_consensed_contig_31633|TPR_consensed_contig_100207,0.183934805373,0.414845601024,0.780295833002,0.450182189995,0.458358286361,-7.19969600126
TDU_consensed_contig_12207|TPR_consensed_contig_92646,-0.128000882436,0.101199992897,-0.643116860094,0.532123133534,0.539999343531,-7.25010836157
TDU_consensed_contig_28253|TPR_consensed_contig_109326,-0.0944701395956,0.040876069889,-0.379216062257,0.711085311095,0.717092292952,-7.39673238558
TDU_consensed_contig_67283|TPR_consensed_contig_55448,0.0298310656411,-0.0130921695607,0.133368986975,0.896089636215,0.898302858988,-7.48636447926
TDU_consensed_contig_67395|TPR_consensed_contig_82198,0.0816368564951,0.0829750903197,0.368787139017,0.718645664984,0.724500502989,-7.43035267062
TDU_consensed_contig_16024|TPR_consensed_contig_112977,0.318821651287,0.815047771041,1.06638723923,0.307023300272,0.314651593562,-6.95486244342
TDU_consensed_contig_36087|TPR_consensed_contig_102366,-0.176925658841,0.196098325538,-0.707511036192,0.492625058672,0.500667715379,-7.19696719807
TDU_consensed_contig_29573|TPR_consensed_contig_97888,-0.138422483315,0.160059261336,-0.58744447331,0.567684513424,0.575626537195,-7.28493629694
TDU_consensed_contig_93920|TPR_consensed_contig_39915,-0.155578806787,0.18890396505,-0.532738794316,0.603841494284,0.611494974301,-7.31482703276
TDU_consensed_contig_76729|TPR_consensed_contig_39975,0.249464382468,0.584970311222,1.07667938702,0.302580682557,0.310223925018,-6.93327938877
TDU_consensed_contig_13931|TPR_consensed_contig_100259,-0.0787321564671,0.0253404657965,-0.3222796161,0.752730075168,0.758410492774,-7.42130368874
